DHT11	ECG	AirFlow	Snore	SpO2	PulseRate
-2.35	4.40	-4.89	-0.58	3.91	-2.10
-2.35	4.40	-4.89	-0.58	3.91	-2.10
-2.35	4.40	-4.89	-0.58	3.91	-2.10
-2.35	4.40	-4.89	-0.58	3.91	-2.10
-2.35	4.40	-4.89	-0.58	3.91	-2.10
-2.35	4.40	-4.89	-0.58	3.91	-2.10
-2.35	4.40	-4.89	-0.58	3.91	-2.10
-2.35	4.40	-4.89	-0.58	3.91	-2.10
-2.35	4.40	-4.89	-0.58	3.91	-2.10
-2.35	4.40	-4.89	-0.58	3.91	-2.10
-2.35	4.40	-4.89	-0.58	3.91	-2.10
-2.35	4.40	-4.89	-0.58	3.91	-2.10
-2.35	4.40	-4.89	-0.58	3.91	-2.10
-2.35	4.40	-4.89	-0.58	3.91	-2.10
-2.35	4.40	-4.89	-0.58	3.91	-2.10
-2.35	4.40	-4.89	-0.58	3.91	-2.10
-2.35	4.40	-4.89	-0.58	3.91	-2.10
-2.35	4.40	-4.89	-0.58	3.91	-2.10
-2.35	4.40	-4.89	-0.58	3.91	-2.10
-2.35	4.40	-4.89	-0.58	3.91	-2.10
-2.35	4.40	-4.89	-0.58	3.91	-2.10
-2.35	4.40	-4.89	-0.58	3.91	-2.10
-2.35	4.40	-4.89	-0.58	3.91	-2.10
-2.35	4.40	-4.89	-0.58	3.91	-2.10
-2.35	4.40	-4.89	-0.58	3.91	-2.10
-2.35	4.40	-4.89	-0.58	3.91	-2.10
-2.35	4.40	-4.89	-0.58	3.91	-2.10
-2.35	4.40	-4.89	-0.58	3.91	-2.10
-2.35	4.40	-4.89	-0.58	3.91	-2.10
-2.35	4.40	-4.89	-0.58	3.91	-2.10
-2.35	4.40	-4.89	-0.58	3.91	-2.10
-2.35	4.40	-4.89	-0.58	3.91	-2.10
-2.35	4.40	-4.89	-0.58	3.91	-2.10
-2.35	4.40	-4.89	-0.58	3.91	-2.10
-2.35	4.40	-4.89	-0.58	3.91	-2.10
4.80	4.68	-3.89	1.20	-3.40	-2.15
4.80	4.68	-3.89	1.20	-3.40	-2.15
4.80	4.68	-3.89	1.20	-3.40	-2.15
4.80	4.68	-3.89	1.20	-3.40	-2.15
4.80	4.68	-3.89	1.20	-3.40	-2.15
4.80	4.68	-3.89	1.20	-3.40	-2.15
4.80	4.68	-3.89	1.20	-3.40	-2.15
4.80	4.68	-3.89	1.20	-3.40	-2.15
4.80	4.68	-3.89	1.20	-3.40	-2.15
4.80	4.68	-3.89	1.20	-3.40	-2.15
4.80	4.68	-3.89	1.20	-3.40	-2.15
4.80	4.68	-3.89	1.20	-3.40	-2.15
4.80	4.68	-3.89	1.20	-3.40	-2.15
4.80	4.68	-3.89	1.20	-3.40	-2.15
4.80	4.68	-3.89	1.20	-3.40	-2.15
4.80	4.68	-3.89	1.20	-3.40	-2.15
4.80	4.68	-3.89	1.20	-3.40	-2.15
4.80	4.68	-3.89	1.20	-3.40	-2.15
4.80	4.68	-3.89	1.20	-3.40	-2.15
4.80	4.68	-3.89	1.20	-3.40	-2.15
4.80	4.68	-3.89	1.20	-3.40	-2.15
4.80	4.68	-3.89	1.20	-3.40	-2.15
4.80	4.68	-3.89	1.20	-3.40	-2.15
4.80	4.68	-3.89	1.20	-3.40	-2.15
4.80	4.68	-3.89	1.20	-3.40	-2.15
4.80	4.68	-3.89	1.20	-3.40	-2.15
4.80	4.68	-3.89	1.20	-3.40	-2.15
4.80	4.68	-3.89	1.20	-3.40	-2.15
4.80	4.68	-3.89	1.20	-3.40	-2.15
4.80	4.68	-3.89	1.20	-3.40	-2.15
4.80	4.68	-3.89	1.20	-3.40	-2.15
4.80	4.68	-3.89	1.20	-3.40	-2.15
4.80	4.68	-3.89	1.20	-3.40	-2.15
4.80	4.68	-3.89	1.20	-3.40	-2.15
4.80	4.68	-3.89	1.20	-3.40	-2.15
4.80	4.68	-3.89	1.20	-3.40	-2.15
4.80	4.68	-3.89	1.20	-3.40	-2.15
4.80	4.68	-3.89	1.20	-3.40	-2.15
4.80	4.68	-3.89	1.20	-3.40	-2.15
4.80	4.68	-3.89	1.20	-3.40	-2.15
-2.82	-1.96	1.34	0.09	3.21	4.49
-2.82	-1.96	1.34	0.09	3.21	4.49
-2.82	-1.96	1.34	0.09	3.21	4.49
-2.82	-1.96	1.34	0.09	3.21	4.49
-2.82	-1.96	1.34	0.09	3.21	4.49
-2.82	-1.96	1.34	0.09	3.21	4.49
-2.82	-1.96	1.34	0.09	3.21	4.49
-2.82	-1.96	1.34	0.09	3.21	4.49
-2.82	-1.96	1.34	0.09	3.21	4.49
-2.82	-1.96	1.34	0.09	3.21	4.49
-2.82	-1.96	1.34	0.09	3.21	4.49
-2.82	-1.96	1.34	0.09	3.21	4.49
-2.82	-1.96	1.34	0.09	3.21	4.49
-2.82	-1.96	1.34	0.09	3.21	4.49
-2.82	-1.96	1.34	0.09	3.21	4.49
-2.82	-1.96	1.34	0.09	3.21	4.49
-2.82	-1.96	1.34	0.09	3.21	4.49
-2.82	-1.96	1.34	0.09	3.21	4.49
-2.82	-1.96	1.34	0.09	3.21	4.49
-2.82	-1.96	1.34	0.09	3.21	4.49
-2.82	-1.96	1.34	0.09	3.21	4.49
-2.82	-1.96	1.34	0.09	3.21	4.49
-2.82	-1.96	1.34	0.09	3.21	4.49
-2.82	-1.96	1.34	0.09	3.21	4.49
-2.82	-1.96	1.34	0.09	3.21	4.49
-2.82	-1.96	1.34	0.09	3.21	4.49
-2.82	-1.96	1.34	0.09	3.21	4.49
-2.82	-1.96	1.34	0.09	3.21	4.49
-2.82	-1.96	1.34	0.09	3.21	4.49
-2.82	-1.96	1.34	0.09	3.21	4.49
-2.82	-1.96	1.34	0.09	3.21	4.49
-2.82	-1.96	1.34	0.09	3.21	4.49
-2.82	-1.96	1.34	0.09	3.21	4.49
-2.82	-1.96	1.34	0.09	3.21	4.49
2.41	3.37	-3.67	4.03	-0.08	-2.64
2.41	3.37	-3.67	4.03	-0.08	-2.64
2.41	3.37	-3.67	4.03	-0.08	-2.64
2.41	3.37	-3.67	4.03	-0.08	-2.64
2.41	3.37	-3.67	4.03	-0.08	-2.64
2.41	3.37	-3.67	4.03	-0.08	-2.64
2.41	3.37	-3.67	4.03	-0.08	-2.64
2.41	3.37	-3.67	4.03	-0.08	-2.64
2.41	3.37	-3.67	4.03	-0.08	-2.64
2.41	3.37	-3.67	4.03	-0.08	-2.64
2.41	3.37	-3.67	4.03	-0.08	-2.64
2.41	3.37	-3.67	4.03	-0.08	-2.64
2.41	3.37	-3.67	4.03	-0.08	-2.64
2.41	3.37	-3.67	4.03	-0.08	-2.64
2.41	3.37	-3.67	4.03	-0.08	-2.64
2.41	3.37	-3.67	4.03	-0.08	-2.64
2.41	3.37	-3.67	4.03	-0.08	-2.64
2.41	3.37	-3.67	4.03	-0.08	-2.64
2.41	3.37	-3.67	4.03	-0.08	-2.64
2.41	3.37	-3.67	4.03	-0.08	-2.64
2.41	3.37	-3.67	4.03	-0.08	-2.64
2.41	3.37	-3.67	4.03	-0.08	-2.64
2.41	3.37	-3.67	4.03	-0.08	-2.64
2.41	3.37	-3.67	4.03	-0.08	-2.64
2.41	3.37	-3.67	4.03	-0.08	-2.64
2.41	3.37	-3.67	4.03	-0.08	-2.64
2.41	3.37	-3.67	4.03	-0.08	-2.64
2.41	3.37	-3.67	4.03	-0.08	-2.64
-1.29	2.11	-0.26	4.73	0.10	-0.33
-1.29	2.11	-0.26	4.73	0.10	-0.33
-1.29	2.11	-0.26	4.73	0.10	-0.33
-1.29	2.11	-0.26	4.73	0.10	-0.33
-1.29	2.11	-0.26	4.73	0.10	-0.33
-1.29	2.11	-0.26	4.73	0.10	-0.33
-1.29	2.11	-0.26	4.73	0.10	-0.33
-1.29	2.11	-0.26	4.73	0.10	-0.33
-1.29	2.11	-0.26	4.73	0.10	-0.33
-1.29	2.11	-0.26	4.73	0.10	-0.33
-1.29	2.11	-0.26	4.73	0.10	-0.33
-1.29	2.11	-0.26	4.73	0.10	-0.33
-1.29	2.11	-0.26	4.73	0.10	-0.33
-1.29	2.11	-0.26	4.73	0.10	-0.33
-1.29	2.11	-0.26	4.73	0.10	-0.33
-1.29	2.11	-0.26	4.73	0.10	-0.33
-1.29	2.11	-0.26	4.73	0.10	-0.33
-1.29	2.11	-0.26	4.73	0.10	-0.33
-1.29	2.11	-0.26	4.73	0.10	-0.33
-1.29	2.11	-0.26	4.73	0.10	-0.33
-1.29	2.11	-0.26	4.73	0.10	-0.33
-1.29	2.11	-0.26	4.73	0.10	-0.33
-1.29	2.11	-0.26	4.73	0.10	-0.33
-1.29	2.11	-0.26	4.73	0.10	-0.33
-1.29	2.11	-0.26	4.73	0.10	-0.33
-1.29	2.11	-0.26	4.73	0.10	-0.33
-1.29	2.11	-0.26	4.73	0.10	-0.33
-1.29	2.11	-0.26	4.73	0.10	-0.33
-1.29	2.11	-0.26	4.73	0.10	-0.33
-1.29	2.11	-0.26	4.73	0.10	-0.33
-1.29	2.11	-0.26	4.73	0.10	-0.33
-1.29	2.11	-0.26	4.73	0.10	-0.33
-1.29	2.11	-0.26	4.73	0.10	-0.33
-1.29	2.11	-0.26	4.73	0.10	-0.33
-1.29	2.11	-0.26	4.73	0.10	-0.33
-1.29	2.11	-0.26	4.73	0.10	-0.33
-1.29	2.11	-0.26	4.73	0.10	-0.33
-1.29	2.11	-0.26	4.73	0.10	-0.33
-1.29	2.11	-0.26	4.73	0.10	-0.33
-1.29	2.11	-0.26	4.73	0.10	-0.33
-1.29	2.11	-0.26	4.73	0.10	-0.33
-1.29	2.11	-0.26	4.73	0.10	-0.33
-1.29	2.11	-0.26	4.73	0.10	-0.33
2.69	2.16	0.83	-3.39	1.92	-2.73
2.69	2.16	0.83	-3.39	1.92	-2.73
2.69	2.16	0.83	-3.39	1.92	-2.73
2.69	2.16	0.83	-3.39	1.92	-2.73
2.69	2.16	0.83	-3.39	1.92	-2.73
2.69	2.16	0.83	-3.39	1.92	-2.73
2.69	2.16	0.83	-3.39	1.92	-2.73
2.69	2.16	0.83	-3.39	1.92	-2.73
2.69	2.16	0.83	-3.39	1.92	-2.73
2.69	2.16	0.83	-3.39	1.92	-2.73
2.69	2.16	0.83	-3.39	1.92	-2.73
2.69	2.16	0.83	-3.39	1.92	-2.73
2.69	2.16	0.83	-3.39	1.92	-2.73
2.69	2.16	0.83	-3.39	1.92	-2.73
2.69	2.16	0.83	-3.39	1.92	-2.73
2.69	2.16	0.83	-3.39	1.92	-2.73
2.69	2.16	0.83	-3.39	1.92	-2.73
2.69	2.16	0.83	-3.39	1.92	-2.73
2.69	2.16	0.83	-3.39	1.92	-2.73
2.69	2.16	0.83	-3.39	1.92	-2.73
2.69	2.16	0.83	-3.39	1.92	-2.73
2.69	2.16	0.83	-3.39	1.92	-2.73
2.69	2.16	0.83	-3.39	1.92	-2.73
2.69	2.16	0.83	-3.39	1.92	-2.73
2.69	2.16	0.83	-3.39	1.92	-2.73
2.69	2.16	0.83	-3.39	1.92	-2.73
2.69	2.16	0.83	-3.39	1.92	-2.73
2.69	2.16	0.83	-3.39	1.92	-2.73
2.69	2.16	0.83	-3.39	1.92	-2.73
2.69	2.16	0.83	-3.39	1.92	-2.73
2.69	2.16	0.83	-3.39	1.92	-2.73
2.69	2.16	0.83	-3.39	1.92	-2.73
2.69	2.16	0.83	-3.39	1.92	-2.73
2.69	2.16	0.83	-3.39	1.92	-2.73
2.69	2.16	0.83	-3.39	1.92	-2.73
2.69	2.16	0.83	-3.39	1.92	-2.73
2.69	2.16	0.83	-3.39	1.92	-2.73
2.69	2.16	0.83	-3.39	1.92	-2.73
2.69	2.16	0.83	-3.39	1.92	-2.73
-2.67	4.18	4.01	-2.40	1.68	1.56
-2.67	4.18	4.01	-2.40	1.68	1.56
-2.67	4.18	4.01	-2.40	1.68	1.56
-2.67	4.18	4.01	-2.40	1.68	1.56
-2.67	4.18	4.01	-2.40	1.68	1.56
-2.67	4.18	4.01	-2.40	1.68	1.56
-2.67	4.18	4.01	-2.40	1.68	1.56
-2.67	4.18	4.01	-2.40	1.68	1.56
-2.67	4.18	4.01	-2.40	1.68	1.56
-2.67	4.18	4.01	-2.40	1.68	1.56
-2.67	4.18	4.01	-2.40	1.68	1.56
-2.67	4.18	4.01	-2.40	1.68	1.56
-2.67	4.18	4.01	-2.40	1.68	1.56
-2.67	4.18	4.01	-2.40	1.68	1.56
-2.67	4.18	4.01	-2.40	1.68	1.56
-2.67	4.18	4.01	-2.40	1.68	1.56
-4.88	3.23	-0.91	-2.32	3.56	-4.64
-4.88	3.23	-0.91	-2.32	3.56	-4.64
-4.88	3.23	-0.91	-2.32	3.56	-4.64
-4.88	3.23	-0.91	-2.32	3.56	-4.64
-4.88	3.23	-0.91	-2.32	3.56	-4.64
-4.88	3.23	-0.91	-2.32	3.56	-4.64
-4.88	3.23	-0.91	-2.32	3.56	-4.64
-4.88	3.23	-0.91	-2.32	3.56	-4.64
-4.88	3.23	-0.91	-2.32	3.56	-4.64
-4.88	3.23	-0.91	-2.32	3.56	-4.64
-4.88	3.23	-0.91	-2.32	3.56	-4.64
-4.88	3.23	-0.91	-2.32	3.56	-4.64
-4.88	3.23	-0.91	-2.32	3.56	-4.64
-4.88	3.23	-0.91	-2.32	3.56	-4.64
-4.88	3.23	-0.91	-2.32	3.56	-4.64
-4.88	3.23	-0.91	-2.32	3.56	-4.64
-4.88	3.23	-0.91	-2.32	3.56	-4.64
-4.88	3.23	-0.91	-2.32	3.56	-4.64
-4.88	3.23	-0.91	-2.32	3.56	-4.64
-4.88	3.23	-0.91	-2.32	3.56	-4.64
-4.88	3.23	-0.91	-2.32	3.56	-4.64
-4.88	3.23	-0.91	-2.32	3.56	-4.64
-4.88	3.23	-0.91	-2.32	3.56	-4.64
-4.88	3.23	-0.91	-2.32	3.56	-4.64
-4.88	3.23	-0.91	-2.32	3.56	-4.64
-4.88	3.23	-0.91	-2.32	3.56	-4.64
-4.88	3.23	-0.91	-2.32	3.56	-4.64
-4.88	3.23	-0.91	-2.32	3.56	-4.64
-4.88	3.23	-0.91	-2.32	3.56	-4.64
-4.88	3.23	-0.91	-2.32	3.56	-4.64
-4.88	3.23	-0.91	-2.32	3.56	-4.64
-4.88	3.23	-0.91	-2.32	3.56	-4.64
-4.88	3.23	-0.91	-2.32	3.56	-4.64
-4.88	3.23	-0.91	-2.32	3.56	-4.64
-4.88	3.23	-0.91	-2.32	3.56	-4.64
-4.88	3.23	-0.91	-2.32	3.56	-4.64
-4.88	3.23	-0.91	-2.32	3.56	-4.64
-2.80	3.95	-3.57	-2.25	4.99	1.05
-2.80	3.95	-3.57	-2.25	4.99	1.05
-2.80	3.95	-3.57	-2.25	4.99	1.05
-2.80	3.95	-3.57	-2.25	4.99	1.05
-2.80	3.95	-3.57	-2.25	4.99	1.05
-2.80	3.95	-3.57	-2.25	4.99	1.05
-2.80	3.95	-3.57	-2.25	4.99	1.05
-2.80	3.95	-3.57	-2.25	4.99	1.05
-2.80	3.95	-3.57	-2.25	4.99	1.05
-2.80	3.95	-3.57	-2.25	4.99	1.05
-2.80	3.95	-3.57	-2.25	4.99	1.05
-2.80	3.95	-3.57	-2.25	4.99	1.05
-2.80	3.95	-3.57	-2.25	4.99	1.05
-2.80	3.95	-3.57	-2.25	4.99	1.05
-2.80	3.95	-3.57	-2.25	4.99	1.05
-2.80	3.95	-3.57	-2.25	4.99	1.05
-2.80	3.95	-3.57	-2.25	4.99	1.05
-2.80	3.95	-3.57	-2.25	4.99	1.05
-2.80	3.95	-3.57	-2.25	4.99	1.05
-2.80	3.95	-3.57	-2.25	4.99	1.05
-2.80	3.95	-3.57	-2.25	4.99	1.05
-2.80	3.95	-3.57	-2.25	4.99	1.05
-2.80	3.95	-3.57	-2.25	4.99	1.05
-2.80	3.95	-3.57	-2.25	4.99	1.05
-2.80	3.95	-3.57	-2.25	4.99	1.05
-2.80	3.95	-3.57	-2.25	4.99	1.05
-2.80	3.95	-3.57	-2.25	4.99	1.05
-2.80	3.95	-3.57	-2.25	4.99	1.05
-2.80	3.95	-3.57	-2.25	4.99	1.05
-2.80	3.95	-3.57	-2.25	4.99	1.05
-2.80	3.95	-3.57	-2.25	4.99	1.05
-2.80	3.95	-3.57	-2.25	4.99	1.05
-2.80	3.95	-3.57	-2.25	4.99	1.05
-2.80	3.95	-3.57	-2.25	4.99	1.05
-2.80	3.95	-3.57	-2.25	4.99	1.05
-2.80	3.95	-3.57	-2.25	4.99	1.05
-2.80	3.95	-3.57	-2.25	4.99	1.05
-2.80	3.95	-3.57	-2.25	4.99	1.05
-2.80	3.95	-3.57	-2.25	4.99	1.05
-2.80	3.95	-3.57	-2.25	4.99	1.05
-4.38	2.13	4.95	4.55	1.47	0.96
-4.38	2.13	4.95	4.55	1.47	0.96
-4.38	2.13	4.95	4.55	1.47	0.96
-4.38	2.13	4.95	4.55	1.47	0.96
-4.38	2.13	4.95	4.55	1.47	0.96
-4.38	2.13	4.95	4.55	1.47	0.96
-4.38	2.13	4.95	4.55	1.47	0.96
-4.38	2.13	4.95	4.55	1.47	0.96
-4.38	2.13	4.95	4.55	1.47	0.96
-4.38	2.13	4.95	4.55	1.47	0.96
-4.38	2.13	4.95	4.55	1.47	0.96
-4.38	2.13	4.95	4.55	1.47	0.96
-4.38	2.13	4.95	4.55	1.47	0.96
-4.38	2.13	4.95	4.55	1.47	0.96
-4.38	2.13	4.95	4.55	1.47	0.96
-4.38	2.13	4.95	4.55	1.47	0.96
-4.38	2.13	4.95	4.55	1.47	0.96
-4.38	2.13	4.95	4.55	1.47	0.96
-4.38	2.13	4.95	4.55	1.47	0.96
-4.38	2.13	4.95	4.55	1.47	0.96
-4.38	2.13	4.95	4.55	1.47	0.96
-4.38	2.13	4.95	4.55	1.47	0.96
-4.38	2.13	4.95	4.55	1.47	0.96
-4.38	2.13	4.95	4.55	1.47	0.96
-4.38	2.13	4.95	4.55	1.47	0.96
-4.38	2.13	4.95	4.55	1.47	0.96
-4.38	2.13	4.95	4.55	1.47	0.96
-4.38	2.13	4.95	4.55	1.47	0.96
-4.38	2.13	4.95	4.55	1.47	0.96
-4.38	2.13	4.95	4.55	1.47	0.96
-4.38	2.13	4.95	4.55	1.47	0.96
-4.38	2.13	4.95	4.55	1.47	0.96
-4.38	2.13	4.95	4.55	1.47	0.96
-4.38	2.13	4.95	4.55	1.47	0.96
-4.38	2.13	4.95	4.55	1.47	0.96
-4.38	2.13	4.95	4.55	1.47	0.96
-4.38	2.13	4.95	4.55	1.47	0.96
-4.38	2.13	4.95	4.55	1.47	0.96
-4.38	2.13	4.95	4.55	1.47	0.96
-4.38	2.13	4.95	4.55	1.47	0.96
-4.38	2.13	4.95	4.55	1.47	0.96
-4.38	2.13	4.95	4.55	1.47	0.96
-2.68	3.66	4.51	-2.53	-1.03	-2.99
-2.68	3.66	4.51	-2.53	-1.03	-2.99
-2.68	3.66	4.51	-2.53	-1.03	-2.99
-2.68	3.66	4.51	-2.53	-1.03	-2.99
-2.68	3.66	4.51	-2.53	-1.03	-2.99
-2.68	3.66	4.51	-2.53	-1.03	-2.99
-2.68	3.66	4.51	-2.53	-1.03	-2.99
-2.68	3.66	4.51	-2.53	-1.03	-2.99
-2.68	3.66	4.51	-2.53	-1.03	-2.99
-2.68	3.66	4.51	-2.53	-1.03	-2.99
-2.68	3.66	4.51	-2.53	-1.03	-2.99
-2.68	3.66	4.51	-2.53	-1.03	-2.99
-2.68	3.66	4.51	-2.53	-1.03	-2.99
-2.68	3.66	4.51	-2.53	-1.03	-2.99
-2.68	3.66	4.51	-2.53	-1.03	-2.99
-2.68	3.66	4.51	-2.53	-1.03	-2.99
-2.68	3.66	4.51	-2.53	-1.03	-2.99
-2.68	3.66	4.51	-2.53	-1.03	-2.99
-1.97	-4.38	0.00	-0.22	-0.74	1.66
-1.97	-4.38	0.00	-0.22	-0.74	1.66
-1.97	-4.38	0.00	-0.22	-0.74	1.66
-1.97	-4.38	0.00	-0.22	-0.74	1.66
-1.97	-4.38	0.00	-0.22	-0.74	1.66
-1.97	-4.38	0.00	-0.22	-0.74	1.66
-1.97	-4.38	0.00	-0.22	-0.74	1.66
-1.97	-4.38	0.00	-0.22	-0.74	1.66
-1.97	-4.38	0.00	-0.22	-0.74	1.66
-1.97	-4.38	0.00	-0.22	-0.74	1.66
-1.97	-4.38	0.00	-0.22	-0.74	1.66
-1.97	-4.38	0.00	-0.22	-0.74	1.66
-1.97	-4.38	0.00	-0.22	-0.74	1.66
-1.97	-4.38	0.00	-0.22	-0.74	1.66
-1.97	-4.38	0.00	-0.22	-0.74	1.66
-1.97	-4.38	0.00	-0.22	-0.74	1.66
-1.97	-4.38	0.00	-0.22	-0.74	1.66
-1.97	-4.38	0.00	-0.22	-0.74	1.66
-1.97	-4.38	0.00	-0.22	-0.74	1.66
-1.97	-4.38	0.00	-0.22	-0.74	1.66
-1.97	-4.38	0.00	-0.22	-0.74	1.66
-1.97	-4.38	0.00	-0.22	-0.74	1.66
-1.97	-4.38	0.00	-0.22	-0.74	1.66
-1.97	-4.38	0.00	-0.22	-0.74	1.66
-1.97	-4.38	0.00	-0.22	-0.74	1.66
-1.97	-4.38	0.00	-0.22	-0.74	1.66
-1.97	-4.38	0.00	-0.22	-0.74	1.66
-1.97	-4.38	0.00	-0.22	-0.74	1.66
-1.97	-4.38	0.00	-0.22	-0.74	1.66
-1.97	-4.38	0.00	-0.22	-0.74	1.66
-1.97	-4.38	0.00	-0.22	-0.74	1.66
-1.97	-4.38	0.00	-0.22	-0.74	1.66
-1.97	-4.38	0.00	-0.22	-0.74	1.66
-1.97	-4.38	0.00	-0.22	-0.74	1.66
-1.97	-4.38	0.00	-0.22	-0.74	1.66
-1.97	-4.38	0.00	-0.22	-0.74	1.66
-1.97	-4.38	0.00	-0.22	-0.74	1.66
-1.97	-4.38	0.00	-0.22	-0.74	1.66
-1.97	-4.38	0.00	-0.22	-0.74	1.66
-1.97	-4.38	0.00	-0.22	-0.74	1.66
-1.97	-4.38	0.00	-0.22	-0.74	1.66
-1.97	-4.38	0.00	-0.22	-0.74	1.66
-1.97	-4.38	0.00	-0.22	-0.74	1.66
-1.97	-4.38	0.00	-0.22	-0.74	1.66
3.94	-4.73	3.14	2.70	-2.40	3.97
3.94	-4.73	3.14	2.70	-2.40	3.97
3.94	-4.73	3.14	2.70	-2.40	3.97
3.94	-4.73	3.14	2.70	-2.40	3.97
3.94	-4.73	3.14	2.70	-2.40	3.97
3.94	-4.73	3.14	2.70	-2.40	3.97
3.94	-4.73	3.14	2.70	-2.40	3.97
3.94	-4.73	3.14	2.70	-2.40	3.97
3.94	-4.73	3.14	2.70	-2.40	3.97
3.94	-4.73	3.14	2.70	-2.40	3.97
3.94	-4.73	3.14	2.70	-2.40	3.97
3.94	-4.73	3.14	2.70	-2.40	3.97
3.94	-4.73	3.14	2.70	-2.40	3.97
3.94	-4.73	3.14	2.70	-2.40	3.97
3.94	-4.73	3.14	2.70	-2.40	3.97
3.94	-4.73	3.14	2.70	-2.40	3.97
3.94	-4.73	3.14	2.70	-2.40	3.97
3.94	-4.73	3.14	2.70	-2.40	3.97
3.94	-4.73	3.14	2.70	-2.40	3.97
3.94	-4.73	3.14	2.70	-2.40	3.97
3.94	-4.73	3.14	2.70	-2.40	3.97
3.94	-4.73	3.14	2.70	-2.40	3.97
3.94	-4.73	3.14	2.70	-2.40	3.97
3.94	-4.73	3.14	2.70	-2.40	3.97
3.94	-4.73	3.14	2.70	-2.40	3.97
3.94	-4.73	3.14	2.70	-2.40	3.97
3.94	-4.73	3.14	2.70	-2.40	3.97
3.94	-4.73	3.14	2.70	-2.40	3.97
3.94	-4.73	3.14	2.70	-2.40	3.97
3.94	-4.73	3.14	2.70	-2.40	3.97
3.94	-4.73	3.14	2.70	-2.40	3.97
3.94	-4.73	3.14	2.70	-2.40	3.97
3.94	-4.73	3.14	2.70	-2.40	3.97
3.94	-4.73	3.14	2.70	-2.40	3.97
3.94	-4.73	3.14	2.70	-2.40	3.97
3.94	-4.73	3.14	2.70	-2.40	3.97
3.94	-4.73	3.14	2.70	-2.40	3.97
3.94	-4.73	3.14	2.70	-2.40	3.97
3.94	-4.73	3.14	2.70	-2.40	3.97
3.94	-4.73	3.14	2.70	-2.40	3.97
3.94	-4.73	3.14	2.70	-2.40	3.97
3.94	-4.73	3.14	2.70	-2.40	3.97
3.96	3.14	2.26	-2.45	2.07	-1.27
3.96	3.14	2.26	-2.45	2.07	-1.27
3.96	3.14	2.26	-2.45	2.07	-1.27
3.96	3.14	2.26	-2.45	2.07	-1.27
3.96	3.14	2.26	-2.45	2.07	-1.27
3.96	3.14	2.26	-2.45	2.07	-1.27
3.96	3.14	2.26	-2.45	2.07	-1.27
3.96	3.14	2.26	-2.45	2.07	-1.27
3.96	3.14	2.26	-2.45	2.07	-1.27
3.96	3.14	2.26	-2.45	2.07	-1.27
3.96	3.14	2.26	-2.45	2.07	-1.27
3.96	3.14	2.26	-2.45	2.07	-1.27
3.96	3.14	2.26	-2.45	2.07	-1.27
3.96	3.14	2.26	-2.45	2.07	-1.27
3.96	3.14	2.26	-2.45	2.07	-1.27
3.96	3.14	2.26	-2.45	2.07	-1.27
3.96	3.14	2.26	-2.45	2.07	-1.27
3.96	3.14	2.26	-2.45	2.07	-1.27
3.96	3.14	2.26	-2.45	2.07	-1.27
3.96	3.14	2.26	-2.45	2.07	-1.27
3.96	3.14	2.26	-2.45	2.07	-1.27
3.96	3.14	2.26	-2.45	2.07	-1.27
3.96	3.14	2.26	-2.45	2.07	-1.27
3.96	3.14	2.26	-2.45	2.07	-1.27
3.96	3.14	2.26	-2.45	2.07	-1.27
3.96	3.14	2.26	-2.45	2.07	-1.27
3.96	3.14	2.26	-2.45	2.07	-1.27
3.96	3.14	2.26	-2.45	2.07	-1.27
-1.26	2.05	-1.40	0.99	2.01	-1.64
-1.26	2.05	-1.40	0.99	2.01	-1.64
-1.26	2.05	-1.40	0.99	2.01	-1.64
-1.26	2.05	-1.40	0.99	2.01	-1.64
-1.26	2.05	-1.40	0.99	2.01	-1.64
-1.26	2.05	-1.40	0.99	2.01	-1.64
-1.26	2.05	-1.40	0.99	2.01	-1.64
-1.26	2.05	-1.40	0.99	2.01	-1.64
-1.26	2.05	-1.40	0.99	2.01	-1.64
-1.26	2.05	-1.40	0.99	2.01	-1.64
-1.26	2.05	-1.40	0.99	2.01	-1.64
-1.26	2.05	-1.40	0.99	2.01	-1.64
-1.26	2.05	-1.40	0.99	2.01	-1.64
-1.26	2.05	-1.40	0.99	2.01	-1.64
-1.26	2.05	-1.40	0.99	2.01	-1.64
-1.26	2.05	-1.40	0.99	2.01	-1.64
-1.26	2.05	-1.40	0.99	2.01	-1.64
-1.26	2.05	-1.40	0.99	2.01	-1.64
-1.26	2.05	-1.40	0.99	2.01	-1.64
-1.26	2.05	-1.40	0.99	2.01	-1.64
-1.26	2.05	-1.40	0.99	2.01	-1.64
-1.26	2.05	-1.40	0.99	2.01	-1.64
-1.26	2.05	-1.40	0.99	2.01	-1.64
0.50	1.27	2.53	1.17	3.63	3.96
0.50	1.27	2.53	1.17	3.63	3.96
0.50	1.27	2.53	1.17	3.63	3.96
0.50	1.27	2.53	1.17	3.63	3.96
0.50	1.27	2.53	1.17	3.63	3.96
0.50	1.27	2.53	1.17	3.63	3.96
0.50	1.27	2.53	1.17	3.63	3.96
0.50	1.27	2.53	1.17	3.63	3.96
0.50	1.27	2.53	1.17	3.63	3.96
0.50	1.27	2.53	1.17	3.63	3.96
0.50	1.27	2.53	1.17	3.63	3.96
0.50	1.27	2.53	1.17	3.63	3.96
0.50	1.27	2.53	1.17	3.63	3.96
0.50	1.27	2.53	1.17	3.63	3.96
0.50	1.27	2.53	1.17	3.63	3.96
0.50	1.27	2.53	1.17	3.63	3.96
0.50	1.27	2.53	1.17	3.63	3.96
0.50	1.27	2.53	1.17	3.63	3.96
0.50	1.27	2.53	1.17	3.63	3.96
0.50	1.27	2.53	1.17	3.63	3.96
0.50	1.27	2.53	1.17	3.63	3.96
0.50	1.27	2.53	1.17	3.63	3.96
0.50	1.27	2.53	1.17	3.63	3.96
0.50	1.27	2.53	1.17	3.63	3.96
0.50	1.27	2.53	1.17	3.63	3.96
0.50	1.27	2.53	1.17	3.63	3.96
0.50	1.27	2.53	1.17	3.63	3.96
0.50	1.27	2.53	1.17	3.63	3.96
0.50	1.27	2.53	1.17	3.63	3.96
0.50	1.27	2.53	1.17	3.63	3.96
0.50	1.27	2.53	1.17	3.63	3.96
0.50	1.27	2.53	1.17	3.63	3.96
0.50	1.27	2.53	1.17	3.63	3.96
0.50	1.27	2.53	1.17	3.63	3.96
0.50	1.27	2.53	1.17	3.63	3.96
0.50	1.27	2.53	1.17	3.63	3.96
0.50	1.27	2.53	1.17	3.63	3.96
0.50	1.27	2.53	1.17	3.63	3.96
0.50	1.27	2.53	1.17	3.63	3.96
0.50	1.27	2.53	1.17	3.63	3.96
0.50	1.27	2.53	1.17	3.63	3.96
3.94	-2.76	3.44	-0.74	-4.93	1.98
3.94	-2.76	3.44	-0.74	-4.93	1.98
3.94	-2.76	3.44	-0.74	-4.93	1.98
3.94	-2.76	3.44	-0.74	-4.93	1.98
3.94	-2.76	3.44	-0.74	-4.93	1.98
3.94	-2.76	3.44	-0.74	-4.93	1.98
3.94	-2.76	3.44	-0.74	-4.93	1.98
3.94	-2.76	3.44	-0.74	-4.93	1.98
3.94	-2.76	3.44	-0.74	-4.93	1.98
3.94	-2.76	3.44	-0.74	-4.93	1.98
3.94	-2.76	3.44	-0.74	-4.93	1.98
3.94	-2.76	3.44	-0.74	-4.93	1.98
3.94	-2.76	3.44	-0.74	-4.93	1.98
3.94	-2.76	3.44	-0.74	-4.93	1.98
3.94	-2.76	3.44	-0.74	-4.93	1.98
3.94	-2.76	3.44	-0.74	-4.93	1.98
3.94	-2.76	3.44	-0.74	-4.93	1.98
3.94	-2.76	3.44	-0.74	-4.93	1.98
3.94	-2.76	3.44	-0.74	-4.93	1.98
3.94	-2.76	3.44	-0.74	-4.93	1.98
3.94	-2.76	3.44	-0.74	-4.93	1.98
3.94	-2.76	3.44	-0.74	-4.93	1.98
3.94	-2.76	3.44	-0.74	-4.93	1.98
3.94	-2.76	3.44	-0.74	-4.93	1.98
3.94	-2.76	3.44	-0.74	-4.93	1.98
3.94	-2.76	3.44	-0.74	-4.93	1.98
3.94	-2.76	3.44	-0.74	-4.93	1.98
3.94	-2.76	3.44	-0.74	-4.93	1.98
3.94	-2.76	3.44	-0.74	-4.93	1.98
3.94	-2.76	3.44	-0.74	-4.93	1.98
3.94	-2.76	3.44	-0.74	-4.93	1.98
3.94	-2.76	3.44	-0.74	-4.93	1.98
3.94	-2.76	3.44	-0.74	-4.93	1.98
3.94	-2.76	3.44	-0.74	-4.93	1.98
3.94	-2.76	3.44	-0.74	-4.93	1.98
3.94	-2.76	3.44	-0.74	-4.93	1.98
3.94	-2.76	3.44	-0.74	-4.93	1.98
3.94	-2.76	3.44	-0.74	-4.93	1.98
3.94	-2.76	3.44	-0.74	-4.93	1.98
3.94	-2.76	3.44	-0.74	-4.93	1.98
3.94	-2.76	3.44	-0.74	-4.93	1.98
3.94	-2.76	3.44	-0.74	-4.93	1.98
3.94	-2.76	3.44	-0.74	-4.93	1.98
-4.58	-1.25	-0.78	4.18	-0.37	-0.22
-4.58	-1.25	-0.78	4.18	-0.37	-0.22
-4.58	-1.25	-0.78	4.18	-0.37	-0.22
-4.58	-1.25	-0.78	4.18	-0.37	-0.22
-4.58	-1.25	-0.78	4.18	-0.37	-0.22
-4.58	-1.25	-0.78	4.18	-0.37	-0.22
-4.58	-1.25	-0.78	4.18	-0.37	-0.22
-4.58	-1.25	-0.78	4.18	-0.37	-0.22
-4.58	-1.25	-0.78	4.18	-0.37	-0.22
-4.58	-1.25	-0.78	4.18	-0.37	-0.22
-4.58	-1.25	-0.78	4.18	-0.37	-0.22
-4.58	-1.25	-0.78	4.18	-0.37	-0.22
-4.58	-1.25	-0.78	4.18	-0.37	-0.22
-4.58	-1.25	-0.78	4.18	-0.37	-0.22
-4.58	-1.25	-0.78	4.18	-0.37	-0.22
-4.58	-1.25	-0.78	4.18	-0.37	-0.22
-4.58	-1.25	-0.78	4.18	-0.37	-0.22
-4.58	-1.25	-0.78	4.18	-0.37	-0.22
-4.58	-1.25	-0.78	4.18	-0.37	-0.22
-4.58	-1.25	-0.78	4.18	-0.37	-0.22
-4.58	-1.25	-0.78	4.18	-0.37	-0.22
-4.58	-1.25	-0.78	4.18	-0.37	-0.22
-3.79	-1.94	4.08	-3.15	-2.59	1.83
-3.79	-1.94	4.08	-3.15	-2.59	1.83
-3.79	-1.94	4.08	-3.15	-2.59	1.83
-3.79	-1.94	4.08	-3.15	-2.59	1.83
-3.79	-1.94	4.08	-3.15	-2.59	1.83
-3.79	-1.94	4.08	-3.15	-2.59	1.83
-3.79	-1.94	4.08	-3.15	-2.59	1.83
-3.79	-1.94	4.08	-3.15	-2.59	1.83
-3.79	-1.94	4.08	-3.15	-2.59	1.83
-3.79	-1.94	4.08	-3.15	-2.59	1.83
-3.79	-1.94	4.08	-3.15	-2.59	1.83
-3.79	-1.94	4.08	-3.15	-2.59	1.83
-3.79	-1.94	4.08	-3.15	-2.59	1.83
-3.79	-1.94	4.08	-3.15	-2.59	1.83
-3.79	-1.94	4.08	-3.15	-2.59	1.83
-3.79	-1.94	4.08	-3.15	-2.59	1.83
-3.79	-1.94	4.08	-3.15	-2.59	1.83
-3.79	-1.94	4.08	-3.15	-2.59	1.83
-3.79	-1.94	4.08	-3.15	-2.59	1.83
-3.79	-1.94	4.08	-3.15	-2.59	1.83
-3.79	-1.94	4.08	-3.15	-2.59	1.83
-3.79	-1.94	4.08	-3.15	-2.59	1.83
-3.79	-1.94	4.08	-3.15	-2.59	1.83
-3.79	-1.94	4.08	-3.15	-2.59	1.83
-3.79	-1.94	4.08	-3.15	-2.59	1.83
-3.79	-1.94	4.08	-3.15	-2.59	1.83
-3.79	-1.94	4.08	-3.15	-2.59	1.83
-3.79	-1.94	4.08	-3.15	-2.59	1.83
-3.79	-1.94	4.08	-3.15	-2.59	1.83
-3.79	-1.94	4.08	-3.15	-2.59	1.83
-3.79	-1.94	4.08	-3.15	-2.59	1.83
-3.79	-1.94	4.08	-3.15	-2.59	1.83
-3.79	-1.94	4.08	-3.15	-2.59	1.83
-3.79	-1.94	4.08	-3.15	-2.59	1.83
-3.79	-1.94	4.08	-3.15	-2.59	1.83
-3.79	-1.94	4.08	-3.15	-2.59	1.83
-3.79	-1.94	4.08	-3.15	-2.59	1.83
-3.79	-1.94	4.08	-3.15	-2.59	1.83
-3.79	-1.94	4.08	-3.15	-2.59	1.83
-3.79	-1.94	4.08	-3.15	-2.59	1.83
-3.79	-1.94	4.08	-3.15	-2.59	1.83
3.02	2.84	-0.73	0.49	-3.68	2.80
3.02	2.84	-0.73	0.49	-3.68	2.80
3.02	2.84	-0.73	0.49	-3.68	2.80
3.02	2.84	-0.73	0.49	-3.68	2.80
3.02	2.84	-0.73	0.49	-3.68	2.80
3.02	2.84	-0.73	0.49	-3.68	2.80
3.02	2.84	-0.73	0.49	-3.68	2.80
3.02	2.84	-0.73	0.49	-3.68	2.80
3.02	2.84	-0.73	0.49	-3.68	2.80
3.02	2.84	-0.73	0.49	-3.68	2.80
3.02	2.84	-0.73	0.49	-3.68	2.80
3.02	2.84	-0.73	0.49	-3.68	2.80
3.02	2.84	-0.73	0.49	-3.68	2.80
3.02	2.84	-0.73	0.49	-3.68	2.80
3.02	2.84	-0.73	0.49	-3.68	2.80
3.02	2.84	-0.73	0.49	-3.68	2.80
3.02	2.84	-0.73	0.49	-3.68	2.80
3.02	2.84	-0.73	0.49	-3.68	2.80
3.02	2.84	-0.73	0.49	-3.68	2.80
3.02	2.84	-0.73	0.49	-3.68	2.80
3.02	2.84	-0.73	0.49	-3.68	2.80
3.02	2.84	-0.73	0.49	-3.68	2.80
3.02	2.84	-0.73	0.49	-3.68	2.80
3.02	2.84	-0.73	0.49	-3.68	2.80
3.02	2.84	-0.73	0.49	-3.68	2.80
3.02	2.84	-0.73	0.49	-3.68	2.80
3.02	2.84	-0.73	0.49	-3.68	2.80
3.02	2.84	-0.73	0.49	-3.68	2.80
3.02	2.84	-0.73	0.49	-3.68	2.80
3.02	2.84	-0.73	0.49	-3.68	2.80
3.02	2.84	-0.73	0.49	-3.68	2.80
3.02	2.84	-0.73	0.49	-3.68	2.80
3.02	2.84	-0.73	0.49	-3.68	2.80
3.02	2.84	-0.73	0.49	-3.68	2.80
3.02	2.84	-0.73	0.49	-3.68	2.80
3.02	2.84	-0.73	0.49	-3.68	2.80
3.02	2.84	-0.73	0.49	-3.68	2.80
3.02	2.84	-0.73	0.49	-3.68	2.80
3.02	2.84	-0.73	0.49	-3.68	2.80
3.02	2.84	-0.73	0.49	-3.68	2.80
3.02	2.84	-0.73	0.49	-3.68	2.80
3.02	2.84	-0.73	0.49	-3.68	2.80
3.02	2.84	-0.73	0.49	-3.68	2.80
2.99	-0.56	1.91	-4.53	1.68	-2.60
2.99	-0.56	1.91	-4.53	1.68	-2.60
2.99	-0.56	1.91	-4.53	1.68	-2.60
2.99	-0.56	1.91	-4.53	1.68	-2.60
2.99	-0.56	1.91	-4.53	1.68	-2.60
2.99	-0.56	1.91	-4.53	1.68	-2.60
2.99	-0.56	1.91	-4.53	1.68	-2.60
2.99	-0.56	1.91	-4.53	1.68	-2.60
2.99	-0.56	1.91	-4.53	1.68	-2.60
2.99	-0.56	1.91	-4.53	1.68	-2.60
2.99	-0.56	1.91	-4.53	1.68	-2.60
2.99	-0.56	1.91	-4.53	1.68	-2.60
2.99	-0.56	1.91	-4.53	1.68	-2.60
2.99	-0.56	1.91	-4.53	1.68	-2.60
2.99	-0.56	1.91	-4.53	1.68	-2.60
2.99	-0.56	1.91	-4.53	1.68	-2.60
2.99	-0.56	1.91	-4.53	1.68	-2.60
2.99	-0.56	1.91	-4.53	1.68	-2.60
2.99	-0.56	1.91	-4.53	1.68	-2.60
2.99	-0.56	1.91	-4.53	1.68	-2.60
2.99	-0.56	1.91	-4.53	1.68	-2.60
2.99	-0.56	1.91	-4.53	1.68	-2.60
2.99	-0.56	1.91	-4.53	1.68	-2.60
2.99	-0.56	1.91	-4.53	1.68	-2.60
2.99	-0.56	1.91	-4.53	1.68	-2.60
2.99	-0.56	1.91	-4.53	1.68	-2.60
2.99	-0.56	1.91	-4.53	1.68	-2.60
2.99	-0.56	1.91	-4.53	1.68	-2.60
2.99	-0.56	1.91	-4.53	1.68	-2.60
2.99	-0.56	1.91	-4.53	1.68	-2.60
2.99	-0.56	1.91	-4.53	1.68	-2.60
2.99	-0.56	1.91	-4.53	1.68	-2.60
2.99	-0.56	1.91	-4.53	1.68	-2.60
2.99	-0.56	1.91	-4.53	1.68	-2.60
2.99	-0.56	1.91	-4.53	1.68	-2.60
2.99	-0.56	1.91	-4.53	1.68	-2.60
2.99	-0.56	1.91	-4.53	1.68	-2.60
2.99	-0.56	1.91	-4.53	1.68	-2.60
2.99	-0.56	1.91	-4.53	1.68	-2.60
2.99	-0.56	1.91	-4.53	1.68	-2.60
2.99	-0.56	1.91	-4.53	1.68	-2.60
2.99	-0.56	1.91	-4.53	1.68	-2.60
-2.36	1.22	-0.89	-1.67	-3.16	-1.49
-2.36	1.22	-0.89	-1.67	-3.16	-1.49
-2.36	1.22	-0.89	-1.67	-3.16	-1.49
-2.36	1.22	-0.89	-1.67	-3.16	-1.49
-2.36	1.22	-0.89	-1.67	-3.16	-1.49
-2.36	1.22	-0.89	-1.67	-3.16	-1.49
-2.36	1.22	-0.89	-1.67	-3.16	-1.49
-2.36	1.22	-0.89	-1.67	-3.16	-1.49
-2.36	1.22	-0.89	-1.67	-3.16	-1.49
-2.36	1.22	-0.89	-1.67	-3.16	-1.49
-2.36	1.22	-0.89	-1.67	-3.16	-1.49
-2.36	1.22	-0.89	-1.67	-3.16	-1.49
-2.98	-4.87	-0.21	-2.82	3.08	3.39
-2.98	-4.87	-0.21	-2.82	3.08	3.39
-2.98	-4.87	-0.21	-2.82	3.08	3.39
-2.98	-4.87	-0.21	-2.82	3.08	3.39
-2.98	-4.87	-0.21	-2.82	3.08	3.39
-2.98	-4.87	-0.21	-2.82	3.08	3.39
-2.98	-4.87	-0.21	-2.82	3.08	3.39
-2.98	-4.87	-0.21	-2.82	3.08	3.39
-2.98	-4.87	-0.21	-2.82	3.08	3.39
-2.98	-4.87	-0.21	-2.82	3.08	3.39
-2.98	-4.87	-0.21	-2.82	3.08	3.39
-2.98	-4.87	-0.21	-2.82	3.08	3.39
-2.98	-4.87	-0.21	-2.82	3.08	3.39
-2.98	-4.87	-0.21	-2.82	3.08	3.39
-2.98	-4.87	-0.21	-2.82	3.08	3.39
-2.98	-4.87	-0.21	-2.82	3.08	3.39
-2.98	-4.87	-0.21	-2.82	3.08	3.39
-2.98	-4.87	-0.21	-2.82	3.08	3.39
-2.98	-4.87	-0.21	-2.82	3.08	3.39
-2.98	-4.87	-0.21	-2.82	3.08	3.39
-2.98	-4.87	-0.21	-2.82	3.08	3.39
-2.98	-4.87	-0.21	-2.82	3.08	3.39
-2.98	-4.87	-0.21	-2.82	3.08	3.39
-2.98	-4.87	-0.21	-2.82	3.08	3.39
-2.98	-4.87	-0.21	-2.82	3.08	3.39
-2.98	-4.87	-0.21	-2.82	3.08	3.39
-2.98	-4.87	-0.21	-2.82	3.08	3.39
-2.98	-4.87	-0.21	-2.82	3.08	3.39
-2.98	-4.87	-0.21	-2.82	3.08	3.39
-2.98	-4.87	-0.21	-2.82	3.08	3.39
-2.98	-4.87	-0.21	-2.82	3.08	3.39
-2.98	-4.87	-0.21	-2.82	3.08	3.39
-2.98	-4.87	-0.21	-2.82	3.08	3.39
-2.98	-4.87	-0.21	-2.82	3.08	3.39
-2.98	-4.87	-0.21	-2.82	3.08	3.39
-2.98	-4.87	-0.21	-2.82	3.08	3.39
-2.98	-4.87	-0.21	-2.82	3.08	3.39
-2.98	-4.87	-0.21	-2.82	3.08	3.39
-2.98	-4.87	-0.21	-2.82	3.08	3.39
-2.98	-4.87	-0.21	-2.82	3.08	3.39
-2.98	-4.87	-0.21	-2.82	3.08	3.39
-4.21	-2.06	-0.46	-2.18	-3.79	4.91
-4.21	-2.06	-0.46	-2.18	-3.79	4.91
-4.21	-2.06	-0.46	-2.18	-3.79	4.91
-4.21	-2.06	-0.46	-2.18	-3.79	4.91
-4.21	-2.06	-0.46	-2.18	-3.79	4.91
-4.21	-2.06	-0.46	-2.18	-3.79	4.91
-4.21	-2.06	-0.46	-2.18	-3.79	4.91
-4.21	-2.06	-0.46	-2.18	-3.79	4.91
-4.21	-2.06	-0.46	-2.18	-3.79	4.91
-4.21	-2.06	-0.46	-2.18	-3.79	4.91
-4.21	-2.06	-0.46	-2.18	-3.79	4.91
-4.21	-2.06	-0.46	-2.18	-3.79	4.91
-4.21	-2.06	-0.46	-2.18	-3.79	4.91
-4.21	-2.06	-0.46	-2.18	-3.79	4.91
-4.21	-2.06	-0.46	-2.18	-3.79	4.91
-4.21	-2.06	-0.46	-2.18	-3.79	4.91
-4.21	-2.06	-0.46	-2.18	-3.79	4.91
-4.21	-2.06	-0.46	-2.18	-3.79	4.91
-4.21	-2.06	-0.46	-2.18	-3.79	4.91
-4.21	-2.06	-0.46	-2.18	-3.79	4.91
-4.21	-2.06	-0.46	-2.18	-3.79	4.91
-4.21	-2.06	-0.46	-2.18	-3.79	4.91
-4.21	-2.06	-0.46	-2.18	-3.79	4.91
-4.21	-2.06	-0.46	-2.18	-3.79	4.91
-4.21	-2.06	-0.46	-2.18	-3.79	4.91
-4.21	-2.06	-0.46	-2.18	-3.79	4.91
-4.21	-2.06	-0.46	-2.18	-3.79	4.91
-4.21	-2.06	-0.46	-2.18	-3.79	4.91
-4.21	-2.06	-0.46	-2.18	-3.79	4.91
-4.21	-2.06	-0.46	-2.18	-3.79	4.91
-4.21	-2.06	-0.46	-2.18	-3.79	4.91
-4.21	-2.06	-0.46	-2.18	-3.79	4.91
-4.21	-2.06	-0.46	-2.18	-3.79	4.91
-4.21	-2.06	-0.46	-2.18	-3.79	4.91
-4.21	-2.06	-0.46	-2.18	-3.79	4.91
-4.21	-2.06	-0.46	-2.18	-3.79	4.91
-4.21	-2.06	-0.46	-2.18	-3.79	4.91
-4.21	-2.06	-0.46	-2.18	-3.79	4.91
-4.21	-2.06	-0.46	-2.18	-3.79	4.91
-4.21	-2.06	-0.46	-2.18	-3.79	4.91
-4.21	-2.06	-0.46	-2.18	-3.79	4.91
-4.21	-2.06	-0.46	-2.18	-3.79	4.91
-4.21	-2.06	-0.46	-2.18	-3.79	4.91
-4.21	-2.06	-0.46	-2.18	-3.79	4.91
-4.21	-2.06	-0.46	-2.18	-3.79	4.91
4.84	1.84	4.39	-2.36	-2.98	1.42
4.84	1.84	4.39	-2.36	-2.98	1.42
4.84	1.84	4.39	-2.36	-2.98	1.42
4.84	1.84	4.39	-2.36	-2.98	1.42
4.84	1.84	4.39	-2.36	-2.98	1.42
4.84	1.84	4.39	-2.36	-2.98	1.42
4.84	1.84	4.39	-2.36	-2.98	1.42
4.84	1.84	4.39	-2.36	-2.98	1.42
4.84	1.84	4.39	-2.36	-2.98	1.42
4.84	1.84	4.39	-2.36	-2.98	1.42
4.84	1.84	4.39	-2.36	-2.98	1.42
4.84	1.84	4.39	-2.36	-2.98	1.42
4.84	1.84	4.39	-2.36	-2.98	1.42
4.84	1.84	4.39	-2.36	-2.98	1.42
4.84	1.84	4.39	-2.36	-2.98	1.42
4.84	1.84	4.39	-2.36	-2.98	1.42
4.84	1.84	4.39	-2.36	-2.98	1.42
4.84	1.84	4.39	-2.36	-2.98	1.42
4.84	1.84	4.39	-2.36	-2.98	1.42
4.84	1.84	4.39	-2.36	-2.98	1.42
4.84	1.84	4.39	-2.36	-2.98	1.42
4.84	1.84	4.39	-2.36	-2.98	1.42
4.84	1.84	4.39	-2.36	-2.98	1.42
4.84	1.84	4.39	-2.36	-2.98	1.42
4.84	1.84	4.39	-2.36	-2.98	1.42
4.84	1.84	4.39	-2.36	-2.98	1.42
4.84	1.84	4.39	-2.36	-2.98	1.42
4.84	1.84	4.39	-2.36	-2.98	1.42
4.84	1.84	4.39	-2.36	-2.98	1.42
3.52	2.09	-4.00	-3.49	3.26	-1.86
3.52	2.09	-4.00	-3.49	3.26	-1.86
3.52	2.09	-4.00	-3.49	3.26	-1.86
3.52	2.09	-4.00	-3.49	3.26	-1.86
3.52	2.09	-4.00	-3.49	3.26	-1.86
3.52	2.09	-4.00	-3.49	3.26	-1.86
3.52	2.09	-4.00	-3.49	3.26	-1.86
3.52	2.09	-4.00	-3.49	3.26	-1.86
3.52	2.09	-4.00	-3.49	3.26	-1.86
3.52	2.09	-4.00	-3.49	3.26	-1.86
3.52	2.09	-4.00	-3.49	3.26	-1.86
3.52	2.09	-4.00	-3.49	3.26	-1.86
3.52	2.09	-4.00	-3.49	3.26	-1.86
3.52	2.09	-4.00	-3.49	3.26	-1.86
3.52	2.09	-4.00	-3.49	3.26	-1.86
3.52	2.09	-4.00	-3.49	3.26	-1.86
3.52	2.09	-4.00	-3.49	3.26	-1.86
3.52	2.09	-4.00	-3.49	3.26	-1.86
3.52	2.09	-4.00	-3.49	3.26	-1.86
3.52	2.09	-4.00	-3.49	3.26	-1.86
3.52	2.09	-4.00	-3.49	3.26	-1.86
3.52	2.09	-4.00	-3.49	3.26	-1.86
3.52	2.09	-4.00	-3.49	3.26	-1.86
3.52	2.09	-4.00	-3.49	3.26	-1.86
3.52	2.09	-4.00	-3.49	3.26	-1.86
3.52	2.09	-4.00	-3.49	3.26	-1.86
3.52	2.09	-4.00	-3.49	3.26	-1.86
3.52	2.09	-4.00	-3.49	3.26	-1.86
3.52	2.09	-4.00	-3.49	3.26	-1.86
3.52	2.09	-4.00	-3.49	3.26	-1.86
3.52	2.09	-4.00	-3.49	3.26	-1.86
3.52	2.09	-4.00	-3.49	3.26	-1.86
-2.63	0.09	-0.62	3.27	1.45	-1.03
-2.63	0.09	-0.62	3.27	1.45	-1.03
-2.63	0.09	-0.62	3.27	1.45	-1.03
-2.63	0.09	-0.62	3.27	1.45	-1.03
-2.63	0.09	-0.62	3.27	1.45	-1.03
-2.63	0.09	-0.62	3.27	1.45	-1.03
-2.63	0.09	-0.62	3.27	1.45	-1.03
-2.63	0.09	-0.62	3.27	1.45	-1.03
-2.63	0.09	-0.62	3.27	1.45	-1.03
-2.63	0.09	-0.62	3.27	1.45	-1.03
-2.63	0.09	-0.62	3.27	1.45	-1.03
-2.63	0.09	-0.62	3.27	1.45	-1.03
-2.63	0.09	-0.62	3.27	1.45	-1.03
-2.63	0.09	-0.62	3.27	1.45	-1.03
-2.63	0.09	-0.62	3.27	1.45	-1.03
-2.63	0.09	-0.62	3.27	1.45	-1.03
-2.63	0.09	-0.62	3.27	1.45	-1.03
-2.63	0.09	-0.62	3.27	1.45	-1.03
-2.63	0.09	-0.62	3.27	1.45	-1.03
-2.63	0.09	-0.62	3.27	1.45	-1.03
-2.63	0.09	-0.62	3.27	1.45	-1.03
-2.63	0.09	-0.62	3.27	1.45	-1.03
-2.63	0.09	-0.62	3.27	1.45	-1.03
-2.63	0.09	-0.62	3.27	1.45	-1.03
-2.63	0.09	-0.62	3.27	1.45	-1.03
-2.63	0.09	-0.62	3.27	1.45	-1.03
-2.63	0.09	-0.62	3.27	1.45	-1.03
-2.63	0.09	-0.62	3.27	1.45	-1.03
-2.63	0.09	-0.62	3.27	1.45	-1.03
-2.63	0.09	-0.62	3.27	1.45	-1.03
-2.63	0.09	-0.62	3.27	1.45	-1.03
-2.63	0.09	-0.62	3.27	1.45	-1.03
-2.63	0.09	-0.62	3.27	1.45	-1.03
-2.63	0.09	-0.62	3.27	1.45	-1.03
-2.63	0.09	-0.62	3.27	1.45	-1.03
-2.63	0.09	-0.62	3.27	1.45	-1.03
-2.63	0.09	-0.62	3.27	1.45	-1.03
-2.63	0.09	-0.62	3.27	1.45	-1.03
-2.63	0.09	-0.62	3.27	1.45	-1.03
-2.63	0.09	-0.62	3.27	1.45	-1.03
-2.63	0.09	-0.62	3.27	1.45	-1.03
-2.63	0.09	-0.62	3.27	1.45	-1.03
1.13	1.48	3.09	-3.08	1.08	-1.20
1.13	1.48	3.09	-3.08	1.08	-1.20
1.13	1.48	3.09	-3.08	1.08	-1.20
1.13	1.48	3.09	-3.08	1.08	-1.20
1.13	1.48	3.09	-3.08	1.08	-1.20
1.13	1.48	3.09	-3.08	1.08	-1.20
1.13	1.48	3.09	-3.08	1.08	-1.20
1.13	1.48	3.09	-3.08	1.08	-1.20
1.13	1.48	3.09	-3.08	1.08	-1.20
1.13	1.48	3.09	-3.08	1.08	-1.20
1.13	1.48	3.09	-3.08	1.08	-1.20
1.13	1.48	3.09	-3.08	1.08	-1.20
1.13	1.48	3.09	-3.08	1.08	-1.20
1.13	1.48	3.09	-3.08	1.08	-1.20
1.13	1.48	3.09	-3.08	1.08	-1.20
1.13	1.48	3.09	-3.08	1.08	-1.20
1.13	1.48	3.09	-3.08	1.08	-1.20
1.13	1.48	3.09	-3.08	1.08	-1.20
1.13	1.48	3.09	-3.08	1.08	-1.20
1.13	1.48	3.09	-3.08	1.08	-1.20
1.13	1.48	3.09	-3.08	1.08	-1.20
1.13	1.48	3.09	-3.08	1.08	-1.20
1.13	1.48	3.09	-3.08	1.08	-1.20
1.13	1.48	3.09	-3.08	1.08	-1.20
1.13	1.48	3.09	-3.08	1.08	-1.20
1.13	1.48	3.09	-3.08	1.08	-1.20
1.13	1.48	3.09	-3.08	1.08	-1.20
1.13	1.48	3.09	-3.08	1.08	-1.20
1.13	1.48	3.09	-3.08	1.08	-1.20
1.13	1.48	3.09	-3.08	1.08	-1.20
1.13	1.48	3.09	-3.08	1.08	-1.20
1.13	1.48	3.09	-3.08	1.08	-1.20
1.13	1.48	3.09	-3.08	1.08	-1.20
1.13	1.48	3.09	-3.08	1.08	-1.20
1.13	1.48	3.09	-3.08	1.08	-1.20
1.13	1.48	3.09	-3.08	1.08	-1.20
1.13	1.48	3.09	-3.08	1.08	-1.20
1.13	1.48	3.09	-3.08	1.08	-1.20
1.13	1.48	3.09	-3.08	1.08	-1.20
1.13	1.48	3.09	-3.08	1.08	-1.20
1.13	1.48	3.09	-3.08	1.08	-1.20
1.13	1.48	3.09	-3.08	1.08	-1.20
1.13	1.48	3.09	-3.08	1.08	-1.20
1.13	1.48	3.09	-3.08	1.08	-1.20
4.34	4.97	-3.13	-1.80	-1.21	-0.63
4.34	4.97	-3.13	-1.80	-1.21	-0.63
4.34	4.97	-3.13	-1.80	-1.21	-0.63
4.34	4.97	-3.13	-1.80	-1.21	-0.63
4.34	4.97	-3.13	-1.80	-1.21	-0.63
4.34	4.97	-3.13	-1.80	-1.21	-0.63
4.34	4.97	-3.13	-1.80	-1.21	-0.63
4.34	4.97	-3.13	-1.80	-1.21	-0.63
4.34	4.97	-3.13	-1.80	-1.21	-0.63
4.34	4.97	-3.13	-1.80	-1.21	-0.63
4.34	4.97	-3.13	-1.80	-1.21	-0.63
4.34	4.97	-3.13	-1.80	-1.21	-0.63
4.34	4.97	-3.13	-1.80	-1.21	-0.63
4.34	4.97	-3.13	-1.80	-1.21	-0.63
4.34	4.97	-3.13	-1.80	-1.21	-0.63
4.34	4.97	-3.13	-1.80	-1.21	-0.63
4.34	4.97	-3.13	-1.80	-1.21	-0.63
4.34	4.97	-3.13	-1.80	-1.21	-0.63
-2.17	-4.03	-2.04	4.92	-2.33	-0.20
-2.17	-4.03	-2.04	4.92	-2.33	-0.20
-2.17	-4.03	-2.04	4.92	-2.33	-0.20
-2.17	-4.03	-2.04	4.92	-2.33	-0.20
-2.17	-4.03	-2.04	4.92	-2.33	-0.20
-2.17	-4.03	-2.04	4.92	-2.33	-0.20
-2.17	-4.03	-2.04	4.92	-2.33	-0.20
-2.17	-4.03	-2.04	4.92	-2.33	-0.20
-2.17	-4.03	-2.04	4.92	-2.33	-0.20
-2.17	-4.03	-2.04	4.92	-2.33	-0.20
-2.17	-4.03	-2.04	4.92	-2.33	-0.20
-2.17	-4.03	-2.04	4.92	-2.33	-0.20
-2.17	-4.03	-2.04	4.92	-2.33	-0.20
-2.17	-4.03	-2.04	4.92	-2.33	-0.20
-2.17	-4.03	-2.04	4.92	-2.33	-0.20
-2.17	-4.03	-2.04	4.92	-2.33	-0.20
-2.17	-4.03	-2.04	4.92	-2.33	-0.20
-2.17	-4.03	-2.04	4.92	-2.33	-0.20
-2.17	-4.03	-2.04	4.92	-2.33	-0.20
-2.17	-4.03	-2.04	4.92	-2.33	-0.20
-2.17	-4.03	-2.04	4.92	-2.33	-0.20
-2.17	-4.03	-2.04	4.92	-2.33	-0.20
-2.17	-4.03	-2.04	4.92	-2.33	-0.20
-2.17	-4.03	-2.04	4.92	-2.33	-0.20
-2.17	-4.03	-2.04	4.92	-2.33	-0.20
-2.17	-4.03	-2.04	4.92	-2.33	-0.20
-2.17	-4.03	-2.04	4.92	-2.33	-0.20
-2.17	-4.03	-2.04	4.92	-2.33	-0.20
-2.17	-4.03	-2.04	4.92	-2.33	-0.20
4.12	-1.13	-3.10	-1.46	3.39	-3.58
4.12	-1.13	-3.10	-1.46	3.39	-3.58
4.12	-1.13	-3.10	-1.46	3.39	-3.58
4.12	-1.13	-3.10	-1.46	3.39	-3.58
4.12	-1.13	-3.10	-1.46	3.39	-3.58
4.12	-1.13	-3.10	-1.46	3.39	-3.58
4.12	-1.13	-3.10	-1.46	3.39	-3.58
4.12	-1.13	-3.10	-1.46	3.39	-3.58
4.12	-1.13	-3.10	-1.46	3.39	-3.58
4.12	-1.13	-3.10	-1.46	3.39	-3.58
4.12	-1.13	-3.10	-1.46	3.39	-3.58
4.12	-1.13	-3.10	-1.46	3.39	-3.58
4.12	-1.13	-3.10	-1.46	3.39	-3.58
4.12	-1.13	-3.10	-1.46	3.39	-3.58
4.12	-1.13	-3.10	-1.46	3.39	-3.58
4.12	-1.13	-3.10	-1.46	3.39	-3.58
4.12	-1.13	-3.10	-1.46	3.39	-3.58
4.12	-1.13	-3.10	-1.46	3.39	-3.58
4.12	-1.13	-3.10	-1.46	3.39	-3.58
4.12	-1.13	-3.10	-1.46	3.39	-3.58
4.12	-1.13	-3.10	-1.46	3.39	-3.58
4.12	-1.13	-3.10	-1.46	3.39	-3.58
4.12	-1.13	-3.10	-1.46	3.39	-3.58
4.12	-1.13	-3.10	-1.46	3.39	-3.58
4.12	-1.13	-3.10	-1.46	3.39	-3.58
4.12	-1.13	-3.10	-1.46	3.39	-3.58
4.12	-1.13	-3.10	-1.46	3.39	-3.58
4.12	-1.13	-3.10	-1.46	3.39	-3.58
4.12	-1.13	-3.10	-1.46	3.39	-3.58
4.12	-1.13	-3.10	-1.46	3.39	-3.58
4.12	-1.13	-3.10	-1.46	3.39	-3.58
4.12	-1.13	-3.10	-1.46	3.39	-3.58
4.12	-1.13	-3.10	-1.46	3.39	-3.58
4.12	-1.13	-3.10	-1.46	3.39	-3.58
4.12	-1.13	-3.10	-1.46	3.39	-3.58
4.12	-1.13	-3.10	-1.46	3.39	-3.58
4.12	-1.13	-3.10	-1.46	3.39	-3.58
4.12	-1.13	-3.10	-1.46	3.39	-3.58
4.12	-1.13	-3.10	-1.46	3.39	-3.58
4.12	-1.13	-3.10	-1.46	3.39	-3.58
4.12	-1.13	-3.10	-1.46	3.39	-3.58
4.12	-1.13	-3.10	-1.46	3.39	-3.58
4.12	-1.13	-3.10	-1.46	3.39	-3.58
4.12	-1.13	-3.10	-1.46	3.39	-3.58
-4.69	-4.79	2.29	0.28	-2.36	-4.42
-4.69	-4.79	2.29	0.28	-2.36	-4.42
-4.69	-4.79	2.29	0.28	-2.36	-4.42
-4.69	-4.79	2.29	0.28	-2.36	-4.42
-4.69	-4.79	2.29	0.28	-2.36	-4.42
-4.69	-4.79	2.29	0.28	-2.36	-4.42
-4.69	-4.79	2.29	0.28	-2.36	-4.42
-4.69	-4.79	2.29	0.28	-2.36	-4.42
-4.69	-4.79	2.29	0.28	-2.36	-4.42
-4.69	-4.79	2.29	0.28	-2.36	-4.42
-4.69	-4.79	2.29	0.28	-2.36	-4.42
-4.69	-4.79	2.29	0.28	-2.36	-4.42
-4.69	-4.79	2.29	0.28	-2.36	-4.42
-4.69	-4.79	2.29	0.28	-2.36	-4.42
-4.69	-4.79	2.29	0.28	-2.36	-4.42
-4.69	-4.79	2.29	0.28	-2.36	-4.42
-4.69	-4.79	2.29	0.28	-2.36	-4.42
-4.69	-4.79	2.29	0.28	-2.36	-4.42
-4.69	-4.79	2.29	0.28	-2.36	-4.42
-4.69	-4.79	2.29	0.28	-2.36	-4.42
-4.69	-4.79	2.29	0.28	-2.36	-4.42
-4.69	-4.79	2.29	0.28	-2.36	-4.42
-4.69	-4.79	2.29	0.28	-2.36	-4.42
-4.69	-4.79	2.29	0.28	-2.36	-4.42
-4.69	-4.79	2.29	0.28	-2.36	-4.42
-4.69	-4.79	2.29	0.28	-2.36	-4.42
-4.69	-4.79	2.29	0.28	-2.36	-4.42
-4.69	-4.79	2.29	0.28	-2.36	-4.42
-4.69	-4.79	2.29	0.28	-2.36	-4.42
-4.69	-4.79	2.29	0.28	-2.36	-4.42
-4.69	-4.79	2.29	0.28	-2.36	-4.42
-4.69	-4.79	2.29	0.28	-2.36	-4.42
-4.69	-4.79	2.29	0.28	-2.36	-4.42
-4.69	-4.79	2.29	0.28	-2.36	-4.42
-4.69	-4.79	2.29	0.28	-2.36	-4.42
-4.69	-4.79	2.29	0.28	-2.36	-4.42
-4.69	-4.79	2.29	0.28	-2.36	-4.42
-4.69	-4.79	2.29	0.28	-2.36	-4.42
-4.69	-4.79	2.29	0.28	-2.36	-4.42
-4.69	-4.79	2.29	0.28	-2.36	-4.42
-4.69	-4.79	2.29	0.28	-2.36	-4.42
-4.69	-4.79	2.29	0.28	-2.36	-4.42
-4.69	-4.79	2.29	0.28	-2.36	-4.42
-4.69	-4.79	2.29	0.28	-2.36	-4.42
-4.69	-4.79	2.29	0.28	-2.36	-4.42
-4.69	-4.79	2.29	0.28	-2.36	-4.42
-2.61	1.96	2.01	-0.05	-4.46	0.18
-2.61	1.96	2.01	-0.05	-4.46	0.18
-2.61	1.96	2.01	-0.05	-4.46	0.18
-2.61	1.96	2.01	-0.05	-4.46	0.18
-2.61	1.96	2.01	-0.05	-4.46	0.18
-2.61	1.96	2.01	-0.05	-4.46	0.18
-2.61	1.96	2.01	-0.05	-4.46	0.18
-2.61	1.96	2.01	-0.05	-4.46	0.18
-2.61	1.96	2.01	-0.05	-4.46	0.18
-2.61	1.96	2.01	-0.05	-4.46	0.18
-2.61	1.96	2.01	-0.05	-4.46	0.18
-2.61	1.96	2.01	-0.05	-4.46	0.18
-2.61	1.96	2.01	-0.05	-4.46	0.18
-2.61	1.96	2.01	-0.05	-4.46	0.18
-2.61	1.96	2.01	-0.05	-4.46	0.18
-2.61	1.96	2.01	-0.05	-4.46	0.18
-2.61	1.96	2.01	-0.05	-4.46	0.18
-2.61	1.96	2.01	-0.05	-4.46	0.18
-2.61	1.96	2.01	-0.05	-4.46	0.18
-2.61	1.96	2.01	-0.05	-4.46	0.18
-2.61	1.96	2.01	-0.05	-4.46	0.18
-2.61	1.96	2.01	-0.05	-4.46	0.18
-2.61	1.96	2.01	-0.05	-4.46	0.18
-2.61	1.96	2.01	-0.05	-4.46	0.18
-2.61	1.96	2.01	-0.05	-4.46	0.18
-2.61	1.96	2.01	-0.05	-4.46	0.18
-2.61	1.96	2.01	-0.05	-4.46	0.18
-2.61	1.96	2.01	-0.05	-4.46	0.18
-2.61	1.96	2.01	-0.05	-4.46	0.18
-2.61	1.96	2.01	-0.05	-4.46	0.18
-2.61	1.96	2.01	-0.05	-4.46	0.18
-2.61	1.96	2.01	-0.05	-4.46	0.18
-2.61	1.96	2.01	-0.05	-4.46	0.18
-2.61	1.96	2.01	-0.05	-4.46	0.18
-2.61	1.96	2.01	-0.05	-4.46	0.18
-2.61	1.96	2.01	-0.05	-4.46	0.18
-2.61	1.96	2.01	-0.05	-4.46	0.18
-2.61	1.96	2.01	-0.05	-4.46	0.18
-2.61	1.96	2.01	-0.05	-4.46	0.18
-2.61	1.96	2.01	-0.05	-4.46	0.18
-2.61	1.96	2.01	-0.05	-4.46	0.18
-2.61	1.96	2.01	-0.05	-4.46	0.18
-2.61	1.96	2.01	-0.05	-4.46	0.18
-2.61	1.96	2.01	-0.05	-4.46	0.18
-2.61	1.96	2.01	-0.05	-4.46	0.18
-2.61	1.96	2.01	-0.05	-4.46	0.18
-2.61	1.96	2.01	-0.05	-4.46	0.18
-2.61	1.96	2.01	-0.05	-4.46	0.18
-1.04	-3.35	4.23	-4.36	4.47	-0.16
-1.04	-3.35	4.23	-4.36	4.47	-0.16
-1.04	-3.35	4.23	-4.36	4.47	-0.16
-1.04	-3.35	4.23	-4.36	4.47	-0.16
-1.04	-3.35	4.23	-4.36	4.47	-0.16
-1.04	-3.35	4.23	-4.36	4.47	-0.16
-1.04	-3.35	4.23	-4.36	4.47	-0.16
-1.04	-3.35	4.23	-4.36	4.47	-0.16
-1.04	-3.35	4.23	-4.36	4.47	-0.16
-1.04	-3.35	4.23	-4.36	4.47	-0.16
-1.04	-3.35	4.23	-4.36	4.47	-0.16
-1.04	-3.35	4.23	-4.36	4.47	-0.16
-1.04	-3.35	4.23	-4.36	4.47	-0.16
-1.04	-3.35	4.23	-4.36	4.47	-0.16
-1.04	-3.35	4.23	-4.36	4.47	-0.16
-1.04	-3.35	4.23	-4.36	4.47	-0.16
-1.04	-3.35	4.23	-4.36	4.47	-0.16
-1.04	-3.35	4.23	-4.36	4.47	-0.16
-1.04	-3.35	4.23	-4.36	4.47	-0.16
-1.04	-3.35	4.23	-4.36	4.47	-0.16
-1.04	-3.35	4.23	-4.36	4.47	-0.16
-1.04	-3.35	4.23	-4.36	4.47	-0.16
-1.04	-3.35	4.23	-4.36	4.47	-0.16
-1.04	-3.35	4.23	-4.36	4.47	-0.16
-1.04	-3.35	4.23	-4.36	4.47	-0.16
-1.04	-3.35	4.23	-4.36	4.47	-0.16
-1.04	-3.35	4.23	-4.36	4.47	-0.16
-1.04	-3.35	4.23	-4.36	4.47	-0.16
-1.04	-3.35	4.23	-4.36	4.47	-0.16
-1.04	-3.35	4.23	-4.36	4.47	-0.16
-1.04	-3.35	4.23	-4.36	4.47	-0.16
-1.04	-3.35	4.23	-4.36	4.47	-0.16
-1.04	-3.35	4.23	-4.36	4.47	-0.16
-1.04	-3.35	4.23	-4.36	4.47	-0.16
-1.04	-3.35	4.23	-4.36	4.47	-0.16
-1.04	-3.35	4.23	-4.36	4.47	-0.16
-1.04	-3.35	4.23	-4.36	4.47	-0.16
-1.04	-3.35	4.23	-4.36	4.47	-0.16
-1.04	-3.35	4.23	-4.36	4.47	-0.16
-1.04	-3.35	4.23	-4.36	4.47	-0.16
-1.04	-3.35	4.23	-4.36	4.47	-0.16
-1.04	-3.35	4.23	-4.36	4.47	-0.16
-1.04	-3.35	4.23	-4.36	4.47	-0.16
-1.04	-3.35	4.23	-4.36	4.47	-0.16
-1.04	-3.35	4.23	-4.36	4.47	-0.16
-1.04	-3.35	4.23	-4.36	4.47	-0.16
-1.04	-3.35	4.23	-4.36	4.47	-0.16
-1.04	-3.35	4.23	-4.36	4.47	-0.16
-1.04	-3.35	4.23	-4.36	4.47	-0.16
-1.04	-3.35	4.23	-4.36	4.47	-0.16
-1.04	-3.35	4.23	-4.36	4.47	-0.16
-0.92	3.49	0.89	-2.05	-2.73	-1.08
-0.92	3.49	0.89	-2.05	-2.73	-1.08
-0.92	3.49	0.89	-2.05	-2.73	-1.08
-0.92	3.49	0.89	-2.05	-2.73	-1.08
-0.92	3.49	0.89	-2.05	-2.73	-1.08
-0.92	3.49	0.89	-2.05	-2.73	-1.08
-0.92	3.49	0.89	-2.05	-2.73	-1.08
-0.92	3.49	0.89	-2.05	-2.73	-1.08
-0.92	3.49	0.89	-2.05	-2.73	-1.08
-0.92	3.49	0.89	-2.05	-2.73	-1.08
-0.92	3.49	0.89	-2.05	-2.73	-1.08
-0.92	3.49	0.89	-2.05	-2.73	-1.08
-0.92	3.49	0.89	-2.05	-2.73	-1.08
-0.92	3.49	0.89	-2.05	-2.73	-1.08
-0.92	3.49	0.89	-2.05	-2.73	-1.08
-0.92	3.49	0.89	-2.05	-2.73	-1.08
-0.92	3.49	0.89	-2.05	-2.73	-1.08
-0.92	3.49	0.89	-2.05	-2.73	-1.08
-0.92	3.49	0.89	-2.05	-2.73	-1.08
-0.92	3.49	0.89	-2.05	-2.73	-1.08
-0.92	3.49	0.89	-2.05	-2.73	-1.08
-0.92	3.49	0.89	-2.05	-2.73	-1.08
-0.92	3.49	0.89	-2.05	-2.73	-1.08
-0.92	3.49	0.89	-2.05	-2.73	-1.08
-0.92	3.49	0.89	-2.05	-2.73	-1.08
-0.92	3.49	0.89	-2.05	-2.73	-1.08
-0.92	3.49	0.89	-2.05	-2.73	-1.08
-0.92	3.49	0.89	-2.05	-2.73	-1.08
-0.92	3.49	0.89	-2.05	-2.73	-1.08
-0.92	3.49	0.89	-2.05	-2.73	-1.08
-0.92	3.49	0.89	-2.05	-2.73	-1.08
-0.92	3.49	0.89	-2.05	-2.73	-1.08
-0.92	3.49	0.89	-2.05	-2.73	-1.08
-0.92	3.49	0.89	-2.05	-2.73	-1.08
-0.92	3.49	0.89	-2.05	-2.73	-1.08
-0.92	3.49	0.89	-2.05	-2.73	-1.08
-0.92	3.49	0.89	-2.05	-2.73	-1.08
-0.92	3.49	0.89	-2.05	-2.73	-1.08
-0.92	3.49	0.89	-2.05	-2.73	-1.08
-0.92	3.49	0.89	-2.05	-2.73	-1.08
-0.92	3.49	0.89	-2.05	-2.73	-1.08
-0.92	3.49	0.89	-2.05	-2.73	-1.08
-0.92	3.49	0.89	-2.05	-2.73	-1.08
-0.92	3.49	0.89	-2.05	-2.73	-1.08
-0.92	3.49	0.89	-2.05	-2.73	-1.08
-0.92	3.49	0.89	-2.05	-2.73	-1.08
-0.92	3.49	0.89	-2.05	-2.73	-1.08
-0.92	3.49	0.89	-2.05	-2.73	-1.08
-0.92	3.49	0.89	-2.05	-2.73	-1.08
-0.92	3.49	0.89	-2.05	-2.73	-1.08
-0.92	3.49	0.89	-2.05	-2.73	-1.08
-0.92	3.49	0.89	-2.05	-2.73	-1.08
2.68	-3.69	-0.88	0.80	3.93	-1.74
2.68	-3.69	-0.88	0.80	3.93	-1.74
2.68	-3.69	-0.88	0.80	3.93	-1.74
2.68	-3.69	-0.88	0.80	3.93	-1.74
2.68	-3.69	-0.88	0.80	3.93	-1.74
2.68	-3.69	-0.88	0.80	3.93	-1.74
2.68	-3.69	-0.88	0.80	3.93	-1.74
2.68	-3.69	-0.88	0.80	3.93	-1.74
2.68	-3.69	-0.88	0.80	3.93	-1.74
2.68	-3.69	-0.88	0.80	3.93	-1.74
2.68	-3.69	-0.88	0.80	3.93	-1.74
2.68	-3.69	-0.88	0.80	3.93	-1.74
2.68	-3.69	-0.88	0.80	3.93	-1.74
2.68	-3.69	-0.88	0.80	3.93	-1.74
2.68	-3.69	-0.88	0.80	3.93	-1.74
2.68	-3.69	-0.88	0.80	3.93	-1.74
2.68	-3.69	-0.88	0.80	3.93	-1.74
2.68	-3.69	-0.88	0.80	3.93	-1.74
2.68	-3.69	-0.88	0.80	3.93	-1.74
2.68	-3.69	-0.88	0.80	3.93	-1.74
2.68	-3.69	-0.88	0.80	3.93	-1.74
2.68	-3.69	-0.88	0.80	3.93	-1.74
2.68	-3.69	-0.88	0.80	3.93	-1.74
2.68	-3.69	-0.88	0.80	3.93	-1.74
2.68	-3.69	-0.88	0.80	3.93	-1.74
2.68	-3.69	-0.88	0.80	3.93	-1.74
2.68	-3.69	-0.88	0.80	3.93	-1.74
2.68	-3.69	-0.88	0.80	3.93	-1.74
2.68	-3.69	-0.88	0.80	3.93	-1.74
2.68	-3.69	-0.88	0.80	3.93	-1.74
2.68	-3.69	-0.88	0.80	3.93	-1.74
2.68	-3.69	-0.88	0.80	3.93	-1.74
2.68	-3.69	-0.88	0.80	3.93	-1.74
2.68	-3.69	-0.88	0.80	3.93	-1.74
2.68	-3.69	-0.88	0.80	3.93	-1.74
2.68	-3.69	-0.88	0.80	3.93	-1.74
2.68	-3.69	-0.88	0.80	3.93	-1.74
2.68	-3.69	-0.88	0.80	3.93	-1.74
2.68	-3.69	-0.88	0.80	3.93	-1.74
2.68	-3.69	-0.88	0.80	3.93	-1.74
2.68	-3.69	-0.88	0.80	3.93	-1.74
2.68	-3.69	-0.88	0.80	3.93	-1.74
2.68	-3.69	-0.88	0.80	3.93	-1.74
2.68	-3.69	-0.88	0.80	3.93	-1.74
2.68	-3.69	-0.88	0.80	3.93	-1.74
2.68	-3.69	-0.88	0.80	3.93	-1.74
2.68	-3.69	-0.88	0.80	3.93	-1.74
2.68	-3.69	-0.88	0.80	3.93	-1.74
2.68	-3.69	-0.88	0.80	3.93	-1.74
2.68	-3.69	-0.88	0.80	3.93	-1.74
2.68	-3.69	-0.88	0.80	3.93	-1.74
2.68	-3.69	-0.88	0.80	3.93	-1.74
2.68	-3.69	-0.88	0.80	3.93	-1.74
2.68	-3.69	-0.88	0.80	3.93	-1.74
2.68	-3.69	-0.88	0.80	3.93	-1.74
2.28	4.77	-1.06	3.24	-4.07	0.92
2.28	4.77	-1.06	3.24	-4.07	0.92
2.28	4.77	-1.06	3.24	-4.07	0.92
2.28	4.77	-1.06	3.24	-4.07	0.92
2.28	4.77	-1.06	3.24	-4.07	0.92
2.28	4.77	-1.06	3.24	-4.07	0.92
2.28	4.77	-1.06	3.24	-4.07	0.92
2.28	4.77	-1.06	3.24	-4.07	0.92
2.28	4.77	-1.06	3.24	-4.07	0.92
2.28	4.77	-1.06	3.24	-4.07	0.92
2.28	4.77	-1.06	3.24	-4.07	0.92
2.28	4.77	-1.06	3.24	-4.07	0.92
2.28	4.77	-1.06	3.24	-4.07	0.92
2.28	4.77	-1.06	3.24	-4.07	0.92
2.28	4.77	-1.06	3.24	-4.07	0.92
2.28	4.77	-1.06	3.24	-4.07	0.92
2.28	4.77	-1.06	3.24	-4.07	0.92
2.28	4.77	-1.06	3.24	-4.07	0.92
2.28	4.77	-1.06	3.24	-4.07	0.92
2.28	4.77	-1.06	3.24	-4.07	0.92
2.28	4.77	-1.06	3.24	-4.07	0.92
2.28	4.77	-1.06	3.24	-4.07	0.92
2.28	4.77	-1.06	3.24	-4.07	0.92
2.28	4.77	-1.06	3.24	-4.07	0.92
2.28	4.77	-1.06	3.24	-4.07	0.92
2.28	4.77	-1.06	3.24	-4.07	0.92
2.28	4.77	-1.06	3.24	-4.07	0.92
2.28	4.77	-1.06	3.24	-4.07	0.92
2.28	4.77	-1.06	3.24	-4.07	0.92
2.28	4.77	-1.06	3.24	-4.07	0.92
2.28	4.77	-1.06	3.24	-4.07	0.92
2.28	4.77	-1.06	3.24	-4.07	0.92
2.28	4.77	-1.06	3.24	-4.07	0.92
2.28	4.77	-1.06	3.24	-4.07	0.92
2.28	4.77	-1.06	3.24	-4.07	0.92
2.28	4.77	-1.06	3.24	-4.07	0.92
2.28	4.77	-1.06	3.24	-4.07	0.92
2.28	4.77	-1.06	3.24	-4.07	0.92
2.28	4.77	-1.06	3.24	-4.07	0.92
2.28	4.77	-1.06	3.24	-4.07	0.92
2.28	4.77	-1.06	3.24	-4.07	0.92
2.28	4.77	-1.06	3.24	-4.07	0.92
2.28	4.77	-1.06	3.24	-4.07	0.92
2.28	4.77	-1.06	3.24	-4.07	0.92
2.28	4.77	-1.06	3.24	-4.07	0.92
2.28	4.77	-1.06	3.24	-4.07	0.92
2.28	4.77	-1.06	3.24	-4.07	0.92
2.28	4.77	-1.06	3.24	-4.07	0.92
2.28	4.77	-1.06	3.24	-4.07	0.92
2.28	4.77	-1.06	3.24	-4.07	0.92
2.28	4.77	-1.06	3.24	-4.07	0.92
2.28	4.77	-1.06	3.24	-4.07	0.92
2.28	4.77	-1.06	3.24	-4.07	0.92
2.28	4.77	-1.06	3.24	-4.07	0.92
2.28	4.77	-1.06	3.24	-4.07	0.92
2.28	4.77	-1.06	3.24	-4.07	0.92
2.28	4.77	-1.06	3.24	-4.07	0.92
-1.22	-4.37	0.00	4.35	4.84	4.39
-1.22	-4.37	0.00	4.35	4.84	4.39
-1.22	-4.37	0.00	4.35	4.84	4.39
-1.22	-4.37	0.00	4.35	4.84	4.39
-1.22	-4.37	0.00	4.35	4.84	4.39
-1.22	-4.37	0.00	4.35	4.84	4.39
-1.22	-4.37	0.00	4.35	4.84	4.39
-1.22	-4.37	0.00	4.35	4.84	4.39
-1.22	-4.37	0.00	4.35	4.84	4.39
-1.22	-4.37	0.00	4.35	4.84	4.39
-1.22	-4.37	0.00	4.35	4.84	4.39
-1.22	-4.37	0.00	4.35	4.84	4.39
-1.22	-4.37	0.00	4.35	4.84	4.39
-1.22	-4.37	0.00	4.35	4.84	4.39
-1.22	-4.37	0.00	4.35	4.84	4.39
-1.22	-4.37	0.00	4.35	4.84	4.39
-1.22	-4.37	0.00	4.35	4.84	4.39
-1.22	-4.37	0.00	4.35	4.84	4.39
-1.22	-4.37	0.00	4.35	4.84	4.39
-1.22	-4.37	0.00	4.35	4.84	4.39
-1.22	-4.37	0.00	4.35	4.84	4.39
-1.22	-4.37	0.00	4.35	4.84	4.39
-1.22	-4.37	0.00	4.35	4.84	4.39
-1.22	-4.37	0.00	4.35	4.84	4.39
-1.22	-4.37	0.00	4.35	4.84	4.39
-1.22	-4.37	0.00	4.35	4.84	4.39
-1.22	-4.37	0.00	4.35	4.84	4.39
-1.22	-4.37	0.00	4.35	4.84	4.39
-1.22	-4.37	0.00	4.35	4.84	4.39
-1.22	-4.37	0.00	4.35	4.84	4.39
-1.22	-4.37	0.00	4.35	4.84	4.39
-1.22	-4.37	0.00	4.35	4.84	4.39
-1.22	-4.37	0.00	4.35	4.84	4.39
-1.22	-4.37	0.00	4.35	4.84	4.39
-1.22	-4.37	0.00	4.35	4.84	4.39
-1.22	-4.37	0.00	4.35	4.84	4.39
-4.14	3.30	4.51	-4.67	3.00	-4.74
-4.14	3.30	4.51	-4.67	3.00	-4.74
-4.14	3.30	4.51	-4.67	3.00	-4.74
-4.14	3.30	4.51	-4.67	3.00	-4.74
-4.14	3.30	4.51	-4.67	3.00	-4.74
-4.14	3.30	4.51	-4.67	3.00	-4.74
-4.14	3.30	4.51	-4.67	3.00	-4.74
-4.14	3.30	4.51	-4.67	3.00	-4.74
-4.14	3.30	4.51	-4.67	3.00	-4.74
-4.14	3.30	4.51	-4.67	3.00	-4.74
-4.14	3.30	4.51	-4.67	3.00	-4.74
-4.14	3.30	4.51	-4.67	3.00	-4.74
-4.14	3.30	4.51	-4.67	3.00	-4.74
-4.14	3.30	4.51	-4.67	3.00	-4.74
-4.14	3.30	4.51	-4.67	3.00	-4.74
-4.14	3.30	4.51	-4.67	3.00	-4.74
-4.14	3.30	4.51	-4.67	3.00	-4.74
-4.14	3.30	4.51	-4.67	3.00	-4.74
-4.14	3.30	4.51	-4.67	3.00	-4.74
-4.14	3.30	4.51	-4.67	3.00	-4.74
-4.14	3.30	4.51	-4.67	3.00	-4.74
-4.14	3.30	4.51	-4.67	3.00	-4.74
-4.14	3.30	4.51	-4.67	3.00	-4.74
-4.14	3.30	4.51	-4.67	3.00	-4.74
-4.14	3.30	4.51	-4.67	3.00	-4.74
-4.14	3.30	4.51	-4.67	3.00	-4.74
-4.14	3.30	4.51	-4.67	3.00	-4.74
3.71	4.77	4.99	1.72	1.38	-4.97
3.71	4.77	4.99	1.72	1.38	-4.97
3.71	4.77	4.99	1.72	1.38	-4.97
3.71	4.77	4.99	1.72	1.38	-4.97
3.71	4.77	4.99	1.72	1.38	-4.97
3.71	4.77	4.99	1.72	1.38	-4.97
3.71	4.77	4.99	1.72	1.38	-4.97
3.71	4.77	4.99	1.72	1.38	-4.97
3.71	4.77	4.99	1.72	1.38	-4.97
3.71	4.77	4.99	1.72	1.38	-4.97
3.71	4.77	4.99	1.72	1.38	-4.97
3.71	4.77	4.99	1.72	1.38	-4.97
3.71	4.77	4.99	1.72	1.38	-4.97
3.71	4.77	4.99	1.72	1.38	-4.97
3.71	4.77	4.99	1.72	1.38	-4.97
3.71	4.77	4.99	1.72	1.38	-4.97
3.71	4.77	4.99	1.72	1.38	-4.97
3.71	4.77	4.99	1.72	1.38	-4.97
3.71	4.77	4.99	1.72	1.38	-4.97
3.71	4.77	4.99	1.72	1.38	-4.97
3.71	4.77	4.99	1.72	1.38	-4.97
3.71	4.77	4.99	1.72	1.38	-4.97
3.71	4.77	4.99	1.72	1.38	-4.97
3.71	4.77	4.99	1.72	1.38	-4.97
3.71	4.77	4.99	1.72	1.38	-4.97
3.71	4.77	4.99	1.72	1.38	-4.97
3.71	4.77	4.99	1.72	1.38	-4.97
3.71	4.77	4.99	1.72	1.38	-4.97
3.71	4.77	4.99	1.72	1.38	-4.97
3.71	4.77	4.99	1.72	1.38	-4.97
3.71	4.77	4.99	1.72	1.38	-4.97
3.71	4.77	4.99	1.72	1.38	-4.97
3.71	4.77	4.99	1.72	1.38	-4.97
3.71	4.77	4.99	1.72	1.38	-4.97
3.71	4.77	4.99	1.72	1.38	-4.97
3.71	4.77	4.99	1.72	1.38	-4.97
3.71	4.77	4.99	1.72	1.38	-4.97
3.71	4.77	4.99	1.72	1.38	-4.97
3.71	4.77	4.99	1.72	1.38	-4.97
3.71	4.77	4.99	1.72	1.38	-4.97
3.71	4.77	4.99	1.72	1.38	-4.97
3.71	4.77	4.99	1.72	1.38	-4.97
3.71	4.77	4.99	1.72	1.38	-4.97
3.71	4.77	4.99	1.72	1.38	-4.97
3.71	4.77	4.99	1.72	1.38	-4.97
3.71	4.77	4.99	1.72	1.38	-4.97
3.71	4.77	4.99	1.72	1.38	-4.97
3.71	4.77	4.99	1.72	1.38	-4.97
3.71	4.77	4.99	1.72	1.38	-4.97
3.71	4.77	4.99	1.72	1.38	-4.97
3.71	4.77	4.99	1.72	1.38	-4.97
3.71	4.77	4.99	1.72	1.38	-4.97
3.71	4.77	4.99	1.72	1.38	-4.97
3.71	4.77	4.99	1.72	1.38	-4.97
3.71	4.77	4.99	1.72	1.38	-4.97
3.71	4.77	4.99	1.72	1.38	-4.97
4.60	-2.88	4.26	3.36	-4.57	-0.26
4.60	-2.88	4.26	3.36	-4.57	-0.26
4.60	-2.88	4.26	3.36	-4.57	-0.26
4.60	-2.88	4.26	3.36	-4.57	-0.26
4.60	-2.88	4.26	3.36	-4.57	-0.26
4.60	-2.88	4.26	3.36	-4.57	-0.26
4.60	-2.88	4.26	3.36	-4.57	-0.26
4.60	-2.88	4.26	3.36	-4.57	-0.26
4.60	-2.88	4.26	3.36	-4.57	-0.26
4.60	-2.88	4.26	3.36	-4.57	-0.26
4.60	-2.88	4.26	3.36	-4.57	-0.26
4.60	-2.88	4.26	3.36	-4.57	-0.26
4.60	-2.88	4.26	3.36	-4.57	-0.26
4.60	-2.88	4.26	3.36	-4.57	-0.26
4.60	-2.88	4.26	3.36	-4.57	-0.26
4.60	-2.88	4.26	3.36	-4.57	-0.26
4.60	-2.88	4.26	3.36	-4.57	-0.26
4.60	-2.88	4.26	3.36	-4.57	-0.26
4.60	-2.88	4.26	3.36	-4.57	-0.26
4.60	-2.88	4.26	3.36	-4.57	-0.26
4.60	-2.88	4.26	3.36	-4.57	-0.26
4.60	-2.88	4.26	3.36	-4.57	-0.26
4.60	-2.88	4.26	3.36	-4.57	-0.26
4.60	-2.88	4.26	3.36	-4.57	-0.26
4.60	-2.88	4.26	3.36	-4.57	-0.26
4.60	-2.88	4.26	3.36	-4.57	-0.26
4.60	-2.88	4.26	3.36	-4.57	-0.26
4.60	-2.88	4.26	3.36	-4.57	-0.26
4.60	-2.88	4.26	3.36	-4.57	-0.26
4.60	-2.88	4.26	3.36	-4.57	-0.26
4.60	-2.88	4.26	3.36	-4.57	-0.26
4.60	-2.88	4.26	3.36	-4.57	-0.26
4.60	-2.88	4.26	3.36	-4.57	-0.26
4.60	-2.88	4.26	3.36	-4.57	-0.26
4.60	-2.88	4.26	3.36	-4.57	-0.26
4.60	-2.88	4.26	3.36	-4.57	-0.26
4.60	-2.88	4.26	3.36	-4.57	-0.26
4.60	-2.88	4.26	3.36	-4.57	-0.26
4.60	-2.88	4.26	3.36	-4.57	-0.26
4.60	-2.88	4.26	3.36	-4.57	-0.26
4.60	-2.88	4.26	3.36	-4.57	-0.26
4.60	-2.88	4.26	3.36	-4.57	-0.26
4.60	-2.88	4.26	3.36	-4.57	-0.26
4.60	-2.88	4.26	3.36	-4.57	-0.26
4.60	-2.88	4.26	3.36	-4.57	-0.26
4.60	-2.88	4.26	3.36	-4.57	-0.26
4.60	-2.88	4.26	3.36	-4.57	-0.26
4.60	-2.88	4.26	3.36	-4.57	-0.26
4.60	-2.88	4.26	3.36	-4.57	-0.26
4.60	-2.88	4.26	3.36	-4.57	-0.26
4.60	-2.88	4.26	3.36	-4.57	-0.26
4.60	-2.88	4.26	3.36	-4.57	-0.26
4.60	-2.88	4.26	3.36	-4.57	-0.26
-3.93	1.77	-2.90	4.52	-2.57	3.19
-3.93	1.77	-2.90	4.52	-2.57	3.19
-3.93	1.77	-2.90	4.52	-2.57	3.19
-3.93	1.77	-2.90	4.52	-2.57	3.19
-3.93	1.77	-2.90	4.52	-2.57	3.19
-3.93	1.77	-2.90	4.52	-2.57	3.19
-3.93	1.77	-2.90	4.52	-2.57	3.19
-3.93	1.77	-2.90	4.52	-2.57	3.19
-3.93	1.77	-2.90	4.52	-2.57	3.19
-3.93	1.77	-2.90	4.52	-2.57	3.19
-3.93	1.77	-2.90	4.52	-2.57	3.19
-3.93	1.77	-2.90	4.52	-2.57	3.19
-3.93	1.77	-2.90	4.52	-2.57	3.19
-3.93	1.77	-2.90	4.52	-2.57	3.19
-3.93	1.77	-2.90	4.52	-2.57	3.19
-3.93	1.77	-2.90	4.52	-2.57	3.19
-3.93	1.77	-2.90	4.52	-2.57	3.19
-3.93	1.77	-2.90	4.52	-2.57	3.19
-3.93	1.77	-2.90	4.52	-2.57	3.19
-3.93	1.77	-2.90	4.52	-2.57	3.19
-3.93	1.77	-2.90	4.52	-2.57	3.19
-3.93	1.77	-2.90	4.52	-2.57	3.19
-3.93	1.77	-2.90	4.52	-2.57	3.19
-3.93	1.77	-2.90	4.52	-2.57	3.19
-3.93	1.77	-2.90	4.52	-2.57	3.19
-3.93	1.77	-2.90	4.52	-2.57	3.19
-3.93	1.77	-2.90	4.52	-2.57	3.19
-3.93	1.77	-2.90	4.52	-2.57	3.19
-3.93	1.77	-2.90	4.52	-2.57	3.19
-3.93	1.77	-2.90	4.52	-2.57	3.19
-3.93	1.77	-2.90	4.52	-2.57	3.19
-3.93	1.77	-2.90	4.52	-2.57	3.19
-3.93	1.77	-2.90	4.52	-2.57	3.19
-3.93	1.77	-2.90	4.52	-2.57	3.19
-3.93	1.77	-2.90	4.52	-2.57	3.19
-3.93	1.77	-2.90	4.52	-2.57	3.19
-3.93	1.77	-2.90	4.52	-2.57	3.19
-3.93	1.77	-2.90	4.52	-2.57	3.19
-3.93	1.77	-2.90	4.52	-2.57	3.19
-3.93	1.77	-2.90	4.52	-2.57	3.19
-3.93	1.77	-2.90	4.52	-2.57	3.19
-3.93	1.77	-2.90	4.52	-2.57	3.19
-3.93	1.77	-2.90	4.52	-2.57	3.19
-3.93	1.77	-2.90	4.52	-2.57	3.19
-3.93	1.77	-2.90	4.52	-2.57	3.19
-3.93	1.77	-2.90	4.52	-2.57	3.19
-3.93	1.77	-2.90	4.52	-2.57	3.19
-3.93	1.77	-2.90	4.52	-2.57	3.19
-3.93	1.77	-2.90	4.52	-2.57	3.19
-3.93	1.77	-2.90	4.52	-2.57	3.19
-3.93	1.77	-2.90	4.52	-2.57	3.19
-3.93	1.77	-2.90	4.52	-2.57	3.19
-3.93	1.77	-2.90	4.52	-2.57	3.19
-3.93	1.77	-2.90	4.52	-2.57	3.19
-3.93	1.77	-2.90	4.52	-2.57	3.19
-3.93	1.77	-2.90	4.52	-2.57	3.19
-3.93	1.77	-2.90	4.52	-2.57	3.19
-3.93	1.77	-2.90	4.52	-2.57	3.19
3.85	4.81	1.52	-4.33	-3.10	-3.44
3.85	4.81	1.52	-4.33	-3.10	-3.44
3.85	4.81	1.52	-4.33	-3.10	-3.44
3.85	4.81	1.52	-4.33	-3.10	-3.44
3.85	4.81	1.52	-4.33	-3.10	-3.44
3.85	4.81	1.52	-4.33	-3.10	-3.44
3.85	4.81	1.52	-4.33	-3.10	-3.44
3.85	4.81	1.52	-4.33	-3.10	-3.44
3.85	4.81	1.52	-4.33	-3.10	-3.44
3.85	4.81	1.52	-4.33	-3.10	-3.44
3.85	4.81	1.52	-4.33	-3.10	-3.44
3.85	4.81	1.52	-4.33	-3.10	-3.44
3.85	4.81	1.52	-4.33	-3.10	-3.44
3.85	4.81	1.52	-4.33	-3.10	-3.44
3.85	4.81	1.52	-4.33	-3.10	-3.44
3.85	4.81	1.52	-4.33	-3.10	-3.44
3.85	4.81	1.52	-4.33	-3.10	-3.44
3.85	4.81	1.52	-4.33	-3.10	-3.44
3.85	4.81	1.52	-4.33	-3.10	-3.44
3.85	4.81	1.52	-4.33	-3.10	-3.44
3.85	4.81	1.52	-4.33	-3.10	-3.44
3.85	4.81	1.52	-4.33	-3.10	-3.44
3.85	4.81	1.52	-4.33	-3.10	-3.44
3.85	4.81	1.52	-4.33	-3.10	-3.44
3.85	4.81	1.52	-4.33	-3.10	-3.44
3.85	4.81	1.52	-4.33	-3.10	-3.44
3.85	4.81	1.52	-4.33	-3.10	-3.44
3.85	4.81	1.52	-4.33	-3.10	-3.44
3.85	4.81	1.52	-4.33	-3.10	-3.44
3.85	4.81	1.52	-4.33	-3.10	-3.44
3.85	4.81	1.52	-4.33	-3.10	-3.44
3.85	4.81	1.52	-4.33	-3.10	-3.44
3.85	4.81	1.52	-4.33	-3.10	-3.44
3.85	4.81	1.52	-4.33	-3.10	-3.44
3.85	4.81	1.52	-4.33	-3.10	-3.44
3.85	4.81	1.52	-4.33	-3.10	-3.44
3.85	4.81	1.52	-4.33	-3.10	-3.44
3.85	4.81	1.52	-4.33	-3.10	-3.44
3.85	4.81	1.52	-4.33	-3.10	-3.44
3.85	4.81	1.52	-4.33	-3.10	-3.44
3.85	4.81	1.52	-4.33	-3.10	-3.44
3.85	4.81	1.52	-4.33	-3.10	-3.44
3.85	4.81	1.52	-4.33	-3.10	-3.44
3.85	4.81	1.52	-4.33	-3.10	-3.44
3.85	4.81	1.52	-4.33	-3.10	-3.44
3.85	4.81	1.52	-4.33	-3.10	-3.44
3.85	4.81	1.52	-4.33	-3.10	-3.44
3.85	4.81	1.52	-4.33	-3.10	-3.44
3.85	4.81	1.52	-4.33	-3.10	-3.44
3.85	4.81	1.52	-4.33	-3.10	-3.44
3.85	4.81	1.52	-4.33	-3.10	-3.44
3.85	4.81	1.52	-4.33	-3.10	-3.44
4.19	0.94	1.44	-1.37	-0.39	4.70
4.19	0.94	1.44	-1.37	-0.39	4.70
4.19	0.94	1.44	-1.37	-0.39	4.70
4.19	0.94	1.44	-1.37	-0.39	4.70
4.19	0.94	1.44	-1.37	-0.39	4.70
4.19	0.94	1.44	-1.37	-0.39	4.70
4.19	0.94	1.44	-1.37	-0.39	4.70
4.19	0.94	1.44	-1.37	-0.39	4.70
4.19	0.94	1.44	-1.37	-0.39	4.70
4.19	0.94	1.44	-1.37	-0.39	4.70
4.19	0.94	1.44	-1.37	-0.39	4.70
4.19	0.94	1.44	-1.37	-0.39	4.70
4.19	0.94	1.44	-1.37	-0.39	4.70
4.19	0.94	1.44	-1.37	-0.39	4.70
4.19	0.94	1.44	-1.37	-0.39	4.70
4.19	0.94	1.44	-1.37	-0.39	4.70
4.19	0.94	1.44	-1.37	-0.39	4.70
4.19	0.94	1.44	-1.37	-0.39	4.70
4.19	0.94	1.44	-1.37	-0.39	4.70
4.19	0.94	1.44	-1.37	-0.39	4.70
4.19	0.94	1.44	-1.37	-0.39	4.70
4.19	0.94	1.44	-1.37	-0.39	4.70
4.19	0.94	1.44	-1.37	-0.39	4.70
4.19	0.94	1.44	-1.37	-0.39	4.70
4.19	0.94	1.44	-1.37	-0.39	4.70
4.19	0.94	1.44	-1.37	-0.39	4.70
4.19	0.94	1.44	-1.37	-0.39	4.70
4.19	0.94	1.44	-1.37	-0.39	4.70
4.19	0.94	1.44	-1.37	-0.39	4.70
4.19	0.94	1.44	-1.37	-0.39	4.70
4.19	0.94	1.44	-1.37	-0.39	4.70
4.19	0.94	1.44	-1.37	-0.39	4.70
4.19	0.94	1.44	-1.37	-0.39	4.70
4.19	0.94	1.44	-1.37	-0.39	4.70
4.19	0.94	1.44	-1.37	-0.39	4.70
4.19	0.94	1.44	-1.37	-0.39	4.70
4.19	0.94	1.44	-1.37	-0.39	4.70
4.19	0.94	1.44	-1.37	-0.39	4.70
4.19	0.94	1.44	-1.37	-0.39	4.70
4.19	0.94	1.44	-1.37	-0.39	4.70
4.19	0.94	1.44	-1.37	-0.39	4.70
4.19	0.94	1.44	-1.37	-0.39	4.70
4.19	0.94	1.44	-1.37	-0.39	4.70
4.19	0.94	1.44	-1.37	-0.39	4.70
4.19	0.94	1.44	-1.37	-0.39	4.70
4.19	0.94	1.44	-1.37	-0.39	4.70
4.19	0.94	1.44	-1.37	-0.39	4.70
4.19	0.94	1.44	-1.37	-0.39	4.70
4.19	0.94	1.44	-1.37	-0.39	4.70
4.19	0.94	1.44	-1.37	-0.39	4.70
4.19	0.94	1.44	-1.37	-0.39	4.70
4.19	0.94	1.44	-1.37	-0.39	4.70
4.19	0.94	1.44	-1.37	-0.39	4.70
4.19	0.94	1.44	-1.37	-0.39	4.70
4.19	0.94	1.44	-1.37	-0.39	4.70
4.19	0.94	1.44	-1.37	-0.39	4.70
4.19	0.94	1.44	-1.37	-0.39	4.70
4.19	0.94	1.44	-1.37	-0.39	4.70
4.19	0.94	1.44	-1.37	-0.39	4.70
4.19	0.94	1.44	-1.37	-0.39	4.70
3.02	3.24	3.23	1.24	-0.28	-1.64
3.02	3.24	3.23	1.24	-0.28	-1.64
3.02	3.24	3.23	1.24	-0.28	-1.64
3.02	3.24	3.23	1.24	-0.28	-1.64
3.02	3.24	3.23	1.24	-0.28	-1.64
3.02	3.24	3.23	1.24	-0.28	-1.64
3.02	3.24	3.23	1.24	-0.28	-1.64
3.02	3.24	3.23	1.24	-0.28	-1.64
3.02	3.24	3.23	1.24	-0.28	-1.64
3.02	3.24	3.23	1.24	-0.28	-1.64
3.02	3.24	3.23	1.24	-0.28	-1.64
3.02	3.24	3.23	1.24	-0.28	-1.64
3.02	3.24	3.23	1.24	-0.28	-1.64
3.02	3.24	3.23	1.24	-0.28	-1.64
3.02	3.24	3.23	1.24	-0.28	-1.64
3.02	3.24	3.23	1.24	-0.28	-1.64
3.02	3.24	3.23	1.24	-0.28	-1.64
3.02	3.24	3.23	1.24	-0.28	-1.64
3.02	3.24	3.23	1.24	-0.28	-1.64
3.02	3.24	3.23	1.24	-0.28	-1.64
3.02	3.24	3.23	1.24	-0.28	-1.64
3.02	3.24	3.23	1.24	-0.28	-1.64
3.02	3.24	3.23	1.24	-0.28	-1.64
3.02	3.24	3.23	1.24	-0.28	-1.64
3.02	3.24	3.23	1.24	-0.28	-1.64
3.02	3.24	3.23	1.24	-0.28	-1.64
3.02	3.24	3.23	1.24	-0.28	-1.64
3.02	3.24	3.23	1.24	-0.28	-1.64
3.02	3.24	3.23	1.24	-0.28	-1.64
3.02	3.24	3.23	1.24	-0.28	-1.64
3.02	3.24	3.23	1.24	-0.28	-1.64
3.02	3.24	3.23	1.24	-0.28	-1.64
3.02	3.24	3.23	1.24	-0.28	-1.64
3.02	3.24	3.23	1.24	-0.28	-1.64
3.02	3.24	3.23	1.24	-0.28	-1.64
3.02	3.24	3.23	1.24	-0.28	-1.64
3.02	3.24	3.23	1.24	-0.28	-1.64
3.02	3.24	3.23	1.24	-0.28	-1.64
3.02	3.24	3.23	1.24	-0.28	-1.64
3.02	3.24	3.23	1.24	-0.28	-1.64
3.02	3.24	3.23	1.24	-0.28	-1.64
3.02	3.24	3.23	1.24	-0.28	-1.64
-2.27	-3.68	-3.63	-0.55	4.48	4.33
-2.27	-3.68	-3.63	-0.55	4.48	4.33
-2.27	-3.68	-3.63	-0.55	4.48	4.33
-2.27	-3.68	-3.63	-0.55	4.48	4.33
-2.27	-3.68	-3.63	-0.55	4.48	4.33
-2.27	-3.68	-3.63	-0.55	4.48	4.33
-2.27	-3.68	-3.63	-0.55	4.48	4.33
-2.27	-3.68	-3.63	-0.55	4.48	4.33
-2.27	-3.68	-3.63	-0.55	4.48	4.33
-2.27	-3.68	-3.63	-0.55	4.48	4.33
-2.27	-3.68	-3.63	-0.55	4.48	4.33
-2.27	-3.68	-3.63	-0.55	4.48	4.33
-2.27	-3.68	-3.63	-0.55	4.48	4.33
-2.27	-3.68	-3.63	-0.55	4.48	4.33
-2.27	-3.68	-3.63	-0.55	4.48	4.33
-2.27	-3.68	-3.63	-0.55	4.48	4.33
-2.27	-3.68	-3.63	-0.55	4.48	4.33
-2.27	-3.68	-3.63	-0.55	4.48	4.33
-2.27	-3.68	-3.63	-0.55	4.48	4.33
-2.27	-3.68	-3.63	-0.55	4.48	4.33
-2.27	-3.68	-3.63	-0.55	4.48	4.33
-2.27	-3.68	-3.63	-0.55	4.48	4.33
-2.27	-3.68	-3.63	-0.55	4.48	4.33
-2.27	-3.68	-3.63	-0.55	4.48	4.33
-2.27	-3.68	-3.63	-0.55	4.48	4.33
-2.27	-3.68	-3.63	-0.55	4.48	4.33
-2.27	-3.68	-3.63	-0.55	4.48	4.33
-2.27	-3.68	-3.63	-0.55	4.48	4.33
-2.27	-3.68	-3.63	-0.55	4.48	4.33
-2.27	-3.68	-3.63	-0.55	4.48	4.33
-2.27	-3.68	-3.63	-0.55	4.48	4.33
-2.27	-3.68	-3.63	-0.55	4.48	4.33
-2.27	-3.68	-3.63	-0.55	4.48	4.33
-2.27	-3.68	-3.63	-0.55	4.48	4.33
-2.27	-3.68	-3.63	-0.55	4.48	4.33
-2.27	-3.68	-3.63	-0.55	4.48	4.33
-2.27	-3.68	-3.63	-0.55	4.48	4.33
-2.27	-3.68	-3.63	-0.55	4.48	4.33
-1.18	3.16	0.48	-1.74	-4.83	1.11
-1.18	3.16	0.48	-1.74	-4.83	1.11
